c:\sys\ut\rpn\rpn.py -l100 -a150 -E 1 600 range fibonacci factor 1 enumerate -s1
[
    [ 1, [ 1 ] ],
    [ 2, [ 1 ] ],
    [ 3, [ 2 ] ],
    [ 4, [ 3 ] ],
    [ 5, [ 5 ] ],
    [ 6, [ 2, 2, 2 ] ],
    [ 7, [ 13 ] ],
    [ 8, [ 3, 7 ] ],
    [ 9, [ 2, 17 ] ],
    [ 10, [ 5, 11 ] ],
    [ 11, [ 89 ] ],
    [ 12, [ 2, 2, 2, 2, 3, 3 ] ],
    [ 13, [ 233 ] ],
    [ 14, [ 13, 29 ] ],
    [ 15, [ 2, 5, 61 ] ],
    [ 16, [ 3, 7, 47 ] ],
    [ 17, [ 1597 ] ],
    [ 18, [ 2, 2, 2, 17, 19 ] ],
    [ 19, [ 37, 113 ] ],
    [ 20, [ 3, 5, 11, 41 ] ],
    [ 21, [ 2, 13, 421 ] ],
    [ 22, [ 89, 199 ] ],
    [ 23, [ 28657 ] ],
    [ 24, [ 2, 2, 2, 2, 2, 3, 3, 7, 23 ] ],
    [ 25, [ 5, 5, 3001 ] ],
    [ 26, [ 233, 521 ] ],
    [ 27, [ 2, 17, 53, 109 ] ],
    [ 28, [ 3, 13, 29, 281 ] ],
    [ 29, [ 514229 ] ],
    [ 30, [ 2, 2, 2, 5, 11, 31, 61 ] ],
    [ 31, [ 557, 2417 ] ],
    [ 32, [ 3, 7, 47, 2207 ] ],
    [ 33, [ 2, 89, 19801 ] ],
    [ 34, [ 1597, 3571 ] ],
    [ 35, [ 5, 13, 141961 ] ],
    [ 36, [ 2, 2, 2, 2, 3, 3, 3, 17, 19, 107 ] ],
    [ 37, [ 73, 149, 2221 ] ],
    [ 38, [ 37, 113, 9349 ] ],
    [ 39, [ 2, 233, 135721 ] ],
    [ 40, [ 3, 5, 7, 11, 41, 2161 ] ],
    [ 41, [ 2789, 59369 ] ],
    [ 42, [ 2, 2, 2, 13, 29, 211, 421 ] ],
    [ 43, [ 433494437 ] ],
    [ 44, [ 3, 43, 89, 199, 307 ] ],
    [ 45, [ 2, 5, 17, 61, 109441 ] ],
    [ 46, [ 139, 461, 28657 ] ],
    [ 47, [ 2971215073 ] ],
    [ 48, [ 2, 2, 2, 2, 2, 2, 3, 3, 7, 23, 47, 1103 ] ],
    [ 49, [ 13, 97, 6168709 ] ],
    [ 50, [ 5, 5, 11, 101, 151, 3001 ] ],
    [ 51, [ 2, 1597, 6376021 ] ],
    [ 52, [ 3, 233, 521, 90481 ] ],
    [ 53, [ 953, 55945741 ] ],
    [ 54, [ 2, 2, 2, 17, 19, 53, 109, 5779 ] ],
    [ 55, [ 5, 89, 661, 474541 ] ],
    [ 56, [ 3, 7, 7, 13, 29, 281, 14503 ] ],
    [ 57, [ 2, 37, 113, 797, 54833 ] ],
    [ 58, [ 59, 19489, 514229 ] ],
    [ 59, [ 353, 2710260697 ] ],
    [ 60, [ 2, 2, 2, 2, 3, 3, 5, 11, 31, 41, 61, 2521 ] ],
    [ 61, [ 4513, 555003497 ] ],
    [ 62, [ 557, 2417, 3010349 ] ],
    [ 63, [ 2, 13, 17, 421, 35239681 ] ],
    [ 64, [ 3, 7, 47, 1087, 2207, 4481 ] ],
    [ 65, [ 5, 233, 14736206161 ] ],
    [ 66, [ 2, 2, 2, 89, 199, 9901, 19801 ] ],
    [ 67, [ 269, 116849, 1429913 ] ],
    [ 68, [ 3, 67, 1597, 3571, 63443 ] ],
    [ 69, [ 2, 137, 829, 18077, 28657 ] ],
    [ 70, [ 5, 11, 13, 29, 71, 911, 141961 ] ],
    [ 71, [ 6673, 46165371073 ] ],
    [ 72, [ 2, 2, 2, 2, 2, 3, 3, 3, 7, 17, 19, 23, 107, 103681 ] ],
    [ 73, [ 9375829, 86020717 ] ],
    [ 74, [ 73, 149, 2221, 54018521 ] ],
    [ 75, [ 2, 5, 5, 61, 3001, 230686501 ] ],
    [ 76, [ 3, 37, 113, 9349, 29134601 ] ],
    [ 77, [ 13, 89, 988681, 4832521 ] ],
    [ 78, [ 2, 2, 2, 79, 233, 521, 859, 135721 ] ],
    [ 79, [ 157, 92180471494753 ] ],
    [ 80, [ 3, 5, 7, 11, 41, 47, 1601, 2161, 3041 ] ],
    [ 81, [ 2, 17, 53, 109, 2269, 4373, 19441 ] ],
    [ 82, [ 2789, 59369, 370248451 ] ],
    [ 83, [ 99194853094755497 ] ],
    [ 84, [ 2, 2, 2, 2, 3, 3, 13, 29, 83, 211, 281, 421, 1427 ] ],
    [ 85, [ 5, 1597, 9521, 3415914041 ] ],
    [ 86, [ 6709, 144481, 433494437 ] ],
    [ 87, [ 2, 173, 514229, 3821263937 ] ],
    [ 88, [ 3, 7, 43, 89, 199, 263, 307, 881, 967 ] ],
    [ 89, [ 1069, 1665088321800481 ] ],
    [ 90, [ 2, 2, 2, 5, 11, 17, 19, 31, 61, 181, 541, 109441 ] ],
    [ 91, [ 13, 13, 233, 741469, 159607993 ] ],
    [ 92, [ 3, 139, 461, 4969, 28657, 275449 ] ],
    [ 93, [ 2, 557, 2417, 4531100550901 ] ],
    [ 94, [ 2971215073, 6643838879 ] ],
    [ 95, [ 5, 37, 113, 761, 29641, 67735001 ] ],
    [ 96, [ 2, 2, 2, 2, 2, 2, 2, 3, 3, 7, 23, 47, 769, 1103, 2207, 3167 ] ],
    [ 97, [ 193, 389, 3084989, 361040209 ] ],
    [ 98, [ 13, 29, 97, 6168709, 599786069 ] ],
    [ 99, [ 2, 17, 89, 197, 19801, 18546805133 ] ],
    [ 100, [ 3, 5, 5, 11, 41, 101, 151, 401, 3001, 570601 ] ],
    [ 101, [ 743519377, 770857978613 ] ],
    [ 102, [ 2, 2, 2, 919, 1597, 3469, 3571, 6376021 ] ],
    [ 103, [ 519121, 5644193, 512119709 ] ],
    [ 104, [ 3, 7, 103, 233, 521, 90481, 102193207 ] ],
    [ 105, [ 2, 5, 13, 61, 421, 141961, 8288823481 ] ],
    [ 106, [ 953, 55945741, 119218851371 ] ],
    [ 107, [ 1247833, 8242065050061761 ] ],
    [ 108, [ 2, 2, 2, 2, 3, 3, 3, 3, 17, 19, 53, 107, 109, 5779, 11128427 ] ],
    [ 109, [ 827728777, 32529675488417 ] ],
    [ 110, [ 5, 11, 11, 89, 199, 331, 661, 39161, 474541 ] ],
    [ 111, [ 2, 73, 149, 2221, 1459000305513721 ] ],
    [ 112, [ 3, 7, 7, 13, 29, 47, 281, 14503, 10745088481 ] ],
    [ 113, [ 677, 272602401466814027129 ] ],
    [ 114, [ 2, 2, 2, 37, 113, 229, 797, 9349, 54833, 95419 ] ],
    [ 115, [ 5, 1381, 28657, 2441738887963981 ] ],
    [ 116, [ 3, 59, 347, 19489, 514229, 1270083883 ] ],
    [ 117, [ 2, 17, 233, 29717, 135721, 39589685693 ] ],
    [ 118, [ 353, 709, 8969, 336419, 2710260697 ] ],
    [ 119, [ 13, 1597, 159512939815855788121 ] ],
    [ 120, [ 2, 2, 2, 2, 2, 3, 3, 5, 7, 11, 23, 31, 41, 61, 241, 2161, 2521, 20641 ] ],
    [ 121, [ 89, 97415813466381445596089 ] ],
    [ 122, [ 4513, 555003497, 5600748293801 ] ],
    [ 123, [ 2, 2789, 59369, 68541957733949701 ] ],
    [ 124, [ 3, 557, 2417, 3010349, 3020733700601 ] ],
    [ 125, [ 5, 5, 5, 3001, 158414167964045700001 ] ],
    [ 126, [ 2, 2, 2, 13, 17, 19, 29, 211, 421, 1009, 31249, 35239681 ] ],
    [ 127, [ 27941, 5568053048227732210073 ] ],
    [ 128, [ 3, 7, 47, 127, 1087, 2207, 4481, 186812208641 ] ],
    [ 129, [ 2, 257, 5417, 8513, 39639893, 433494437 ] ],
    [ 130, [ 5, 11, 131, 233, 521, 2081, 24571, 14736206161 ] ],
    [ 131, [ 1066340417491710595814572169 ] ],
    [ 132, [ 2, 2, 2, 2, 3, 3, 43, 89, 199, 307, 9901, 19801, 261399601 ] ],
    [ 133, [ 13, 37, 113, 3457, 42293, 351301301942501 ] ],
    [ 134, [ 269, 4021, 116849, 1429913, 24994118449 ] ],
    [ 135, [ 2, 5, 17, 53, 61, 109, 109441, 1114769954367361 ] ],
    [ 136, [ 3, 7, 67, 1597, 3571, 63443, 23230657239121 ] ],
    [ 137, [ 19134702400093278081449423917 ] ],
    [ 138, [ 2, 2, 2, 137, 139, 461, 691, 829, 18077, 28657, 1485571 ] ],
    [ 139, [ 277, 2114537501, 85526722937689093 ] ],
    [ 140, [ 3, 5, 11, 13, 29, 41, 71, 281, 911, 141961, 12317523121 ] ],
    [ 141, [ 2, 108289, 1435097, 142017737, 2971215073 ] ],
    [ 142, [ 6673, 46165371073, 688846502588399 ] ],
    [ 143, [ 89, 233, 8581, 1929584153756850496621 ] ],
    [ 144, [ 2, 2, 2, 2, 2, 2, 3, 3, 3, 7, 17, 19, 23, 47, 107, 1103, 103681, 10749957121 ] ],
    [ 145, [ 5, 514229, 349619996930737079890201 ] ],
    [ 146, [ 151549, 9375829, 86020717, 11899937029 ] ],
    [ 147, [ 2, 13, 97, 293, 421, 3529, 6168709, 347502052673 ] ],
    [ 148, [ 3, 73, 149, 2221, 11987, 54018521, 81143477963 ] ],
    [ 149, [ 110557, 162709, 4000949, 85607646594577 ] ],
    [ 150, [ 2, 2, 2, 5, 5, 11, 31, 61, 101, 151, 3001, 12301, 18451, 230686501 ] ],
    [ 151, [ 5737, 2811666624525811646469915877 ] ],
    [ 152, [ 3, 7, 37, 113, 9349, 29134601, 1091346396980401 ] ],
    [ 153, [ 2, 17, 17, 1597, 6376021, 7175323114950564593 ] ],
    [ 154, [ 13, 29, 89, 199, 229769, 988681, 4832521, 9321929 ] ],
    [ 155, [ 5, 557, 2417, 21701, 12370533881, 61182778621 ] ],
    [ 156, [ 2, 2, 2, 2, 3, 3, 79, 233, 521, 859, 90481, 135721, 12280217041 ] ],
    [ 157, [ 313, 11617, 7636481, 10424204306491346737 ] ],
    [ 158, [ 157, 92180471494753, 32361122672259149 ] ],
    [ 159, [ 2, 317, 953, 55945741, 97639037, 229602768949 ] ],
    [ 160, [ 3, 5, 7, 11, 41, 47, 1601, 2161, 2207, 3041, 23725145626561 ] ],
    [ 161, [ 13, 8693, 28657, 612606107755058997065597 ] ],
    [ 162, [ 2, 2, 2, 17, 19, 53, 109, 2269, 3079, 4373, 5779, 19441, 62650261 ] ],
    [ 163, [ 977, 4892609, 33365519393, 32566223208133 ] ],
    [ 164, [ 3, 163, 2789, 59369, 800483, 350207569, 370248451 ] ],
    [ 165, [ 2, 5, 61, 89, 661, 19801, 86461, 474541, 518101, 900241 ] ],
    [ 166, [ 35761381, 6202401259, 99194853094755497 ] ],
    [ 167, [ 18104700793, 1966344318693345608565721 ] ],
    [ 168, [ 2, 2, 2, 2, 2, 3, 3, 7, 7, 13, 23, 29, 83, 167, 211, 281, 421, 1427, 14503, 65740583 ] ],
    [ 169, [ 233, 337, 89909, 104600155609, 126213229732669 ] ],
    [ 170, [ 5, 11, 1597, 3571, 9521, 1158551, 12760031, 3415914041 ] ],
    [ 171, [ 2, 17, 37, 113, 797, 6841, 54833, 5741461760879844361 ] ],
    [ 172, [ 3, 6709, 144481, 433494437, 313195711516578281 ] ],
    [ 173, [ 1639343785721, 389678749007629271532733 ] ],
    [ 174, [ 2, 2, 2, 59, 173, 349, 19489, 514229, 947104099, 3821263937 ] ],
    [ 175, [ 5, 5, 13, 701, 3001, 141961, 17231203730201189308301 ] ],
    [ 176, [ 3, 7, 43, 47, 89, 199, 263, 307, 881, 967, 93058241, 562418561 ] ],
    [ 177, [ 2, 353, 2191261, 805134061, 1297027681, 2710260697 ] ],
    [ 178, [ 179, 1069, 1665088321800481, 22235502640988369 ] ],
    [ 179, [ 21481, 156089, 3418816640903898929534613769 ] ],
    [ 180, [ 2, 2, 2, 2, 3, 3, 3, 5, 11, 17, 19, 31, 41, 61, 107, 181, 541, 2521, 109441, 10783342081 ] ],
    [ 181, [ 8689, 422453, 8175789237238547574551461093 ] ],
    [ 182, [ 13, 13, 29, 233, 521, 741469, 159607993, 689667151970161 ] ],
    [ 183, [ 2, 1097, 4513, 555003497, 14297347971975757800833 ] ],
    [ 184, [ 3, 7, 139, 461, 4969, 28657, 253367, 275449, 9506372193863 ] ],
    [ 185, [ 5, 73, 149, 2221, 1702945513191305556907097618161 ] ],
    [ 186, [ 2, 2, 2, 557, 2417, 63799, 3010349, 35510749, 4531100550901 ] ],
    [ 187, [ 89, 373, 1597, 10157807305963434099105034917037 ] ],
    [ 188, [ 3, 563, 5641, 2971215073, 6643838879, 4632894751907 ] ],
    [ 189, [ 2, 13, 17, 53, 109, 421, 38933, 35239681, 955921950316735037 ] ],
    [ 190, [ 5, 11, 37, 113, 191, 761, 9349, 29641, 41611, 67735001, 87382901 ] ],
    [ 191, [ 4870723671313, 757810806256989128439975793 ] ],
    [ 192, [ 2, 2, 2, 2, 2, 2, 2, 2, 3, 3, 7, 23, 47, 769, 1087, 1103, 2207, 3167, 4481, 11862575248703 ] ],
    [ 193, [ 9465278929, 1020930432032326933976826008497 ] ],
    [ 194, [ 193, 389, 3299, 3084989, 361040209, 56678557502141579 ] ],
    [ 195, [ 2, 5, 61, 233, 135721, 14736206161, 88999250837499877681 ] ],
    [ 196, [ 3, 13, 29, 97, 281, 5881, 6168709, 599786069, 61025309469041 ] ],
    [ 197, [ 15761, 25795969, 227150265697, 717185107125886549 ] ],
    [ 198, [ 2, 2, 2, 17, 19, 89, 197, 199, 991, 2179, 9901, 19801, 1513909, 18546805133 ] ],
    [ 199, [ 397, 436782169201002048261171378550055269633 ] ],
    [ 200, [ 3, 5, 5, 7, 11, 41, 101, 151, 401, 2161, 3001, 570601, 9125201, 5738108801 ] ],
    [ 201, [ 2, 269, 116849, 1429913, 5050260704396247169315999021 ] ],
    [ 202, [ 809, 7879, 743519377, 770857978613, 201062946718741 ] ],
    [ 203, [ 13, 1217, 514229, 56470541, 2586982700656733994659533 ] ],
    [ 204, [ 2, 2, 2, 2, 3, 3, 67, 409, 919, 1597, 3469, 3571, 63443, 6376021, 66265118449 ] ],
    [ 205, [ 5, 821, 2789, 59369, 125598581, 36448117857891321536401 ] ],
    [ 206, [ 619, 1031, 519121, 5644193, 512119709, 5257480026438961 ] ],
    [ 207, [ 2, 17, 137, 829, 18077, 28657, 4072353155773627601222196481 ] ],
    [ 208, [ 3, 7, 47, 103, 233, 521, 3329, 90481, 102193207, 106513889, 325759201 ] ],
    [ 209, [ 37, 89, 113, 57314120955051297736679165379998262001 ] ],
    [ 210, [ 2, 2, 2, 5, 11, 13, 29, 31, 61, 71, 211, 421, 911, 21211, 141961, 767131, 8288823481 ] ],
    [ 211, [ 22504837, 38490197, 800972881, 80475423858449593021 ] ],
    [ 212, [ 3, 953, 1483, 2969, 55945741, 119218851371, 1076012367720403 ] ],
    [ 213, [ 2, 1277, 6673, 46165371073, 185790722054921374395775013 ] ],
    [ 214, [ 1247833, 47927441, 479836483312919, 8242065050061761 ] ],
    [ 215, [ 5, 433494437, 2607553541, 67712817361580804952011621 ] ],
    [ 216, [ 2, 2, 2, 2, 2, 3, 3, 3, 3, 7, 17, 19, 23, 53, 107, 109, 5779, 6263, 103681, 11128427, 177962167367 ] ],
    [ 217, [ 13, 433, 557, 2417, 44269, 217221773, 2191174861, 6274653314021 ] ],
    [ 218, [ 128621, 788071, 827728777, 593985111211, 32529675488417 ] ],
    [ 219, [ 2, 123953, 4139537, 9375829, 86020717, 3169251245945843761 ] ],
    [ 220, [ 3, 5, 11, 11, 41, 43, 89, 199, 307, 331, 661, 39161, 474541, 59996854928656801 ] ],
    [ 221, [ 233, 1597, 203572412497, 90657498718024645326392940193 ] ],
    [ 222, [ 2, 2, 2, 73, 149, 2221, 4441, 146521, 1121101, 54018521, 1459000305513721 ] ],
    [ 223, [ 4013, 108377, 251534189, 164344610046410138896156070813 ] ],
    [ 224, [ 3, 7, 7, 13, 29, 47, 223, 281, 449, 2207, 14503, 10745088481, 1154149773784223 ] ],
    [ 225, [ 2, 5, 5, 17, 61, 3001, 109441, 230686501, 11981661982050957053616001 ] ],
    [ 226, [ 677, 272602401466814027129, 412670427844921037470771 ] ],
    [ 227, [ 23609, 5219534137983025159078847113619467285727377 ] ],
    [ 228, [ 2, 2, 2, 2, 3, 3, 37, 113, 227, 229, 797, 9349, 26449, 54833, 95419, 29134601, 212067587 ] ],
    [ 229, [ 457, 2749, 40487201, 132605449901, 47831560297620361798553 ] ],
    [ 230, [ 5, 11, 139, 461, 1151, 1381, 5981, 28657, 324301, 686551, 2441738887963981 ] ],
    [ 231, [ 2, 13, 89, 421, 19801, 988681, 4832521, 9164259601748159235188401 ] ],
    [ 232, [ 3, 7, 59, 347, 19489, 299281, 514229, 1270083883, 834428410879506721 ] ],
    [ 233, [ 139801, 25047390419633, 631484089583693149557829547141 ] ],
    [ 234, [ 2, 2, 2, 17, 19, 79, 233, 521, 859, 29717, 135721, 39589685693, 1052645985555841 ] ],
    [ 235, [ 5, 2971215073, 389678426275593986752662955603693114561 ] ],
    [ 236, [ 3, 353, 709, 8969, 336419, 15247723, 2710260697, 100049587197598387 ] ],
    [ 237, [ 2, 157, 1668481, 40762577, 92180471494753, 7698999052751136773 ] ],
    [ 238, [ 13, 29, 239, 1597, 3571, 10711, 27932732439809, 159512939815855788121 ] ],
    [ 239, [ 10037, 62141, 2228536579597318057, 28546908862296149233369 ] ],
    [ 240, [ 2, 2, 2, 2, 2, 2, 3, 3, 5, 7, 11, 23, 31, 41, 47, 61, 241, 1103, 1601, 2161, 2521, 3041, 20641, 23735900452321 ] ],
    [ 241, [ 11042621, 7005329677, 1342874889289644763267952824739273 ] ],
    [ 242, [ 89, 199, 97415813466381445596089, 97420733208491869044199 ] ],
    [ 243, [ 2, 17, 53, 109, 2269, 4373, 19441, 448607550257, 16000411124306403070561 ] ],
    [ 244, [ 3, 4513, 19763, 21291929, 555003497, 5600748293801, 24848660119363 ] ],
    [ 245, [ 5, 13, 97, 141961, 6168709, 128955073914024460192651484843195641 ] ],
    [ 246, [ 2, 2, 2, 2789, 59369, 4767481, 370248451, 7188487771, 68541957733949701 ] ],
    [ 247, [ 37, 113, 233, 409100738617, 4677306043367904676926312147328153 ] ],
    [ 248, [ 3, 7, 557, 743, 2417, 467729, 3010349, 3020733700601, 33758740830460183 ] ],
    [ 249, [ 2, 1033043205255409, 99194853094755497, 23812215284009787769 ] ],
    [ 250, [ 5, 5, 5, 11, 101, 151, 251, 3001, 112128001, 28143378001, 158414167964045700001 ] ],
    [ 251, [ 582416774750273, 21937080329465122026187124199656961913 ] ],
    [ 252, [ 2, 2, 2, 2, 3, 3, 3, 13, 17, 19, 29, 83, 107, 211, 281, 421, 1009, 1427, 31249, 1461601, 35239681, 764940961 ] ],
    [ 253, [ 89, 28657, 4322114369, 2201228236641589, 1378497303338047612061 ] ],
    [ 254, [ 509, 5081, 27941, 487681, 13822681, 19954241, 5568053048227732210073 ] ],
    [ 255, [ 2, 5, 61, 1597, 9521, 6376021, 3415914041, 20778644396941, 20862774425341 ] ],
    [ 256, [ 3, 7, 47, 127, 1087, 2207, 4481, 119809, 186812208641, 4698167634523379875583 ] ],
    [ 257, [ 5653, 32971978671645905645521, 1230026721719313471360714649 ] ],
    [ 258, [ 2, 2, 2, 257, 5417, 6709, 8513, 144481, 308311, 39639893, 433494437, 761882591401 ] ],
    [ 259, [ 13, 73, 149, 1553, 2221, 404656773793, 3041266742295771985148799223649 ] ],
    [ 260, [ 3, 5, 11, 41, 131, 233, 521, 2081, 3121, 24571, 90481, 14736206161, 42426476041450801 ] ],
    [ 261, [ 2, 17, 173, 2089, 20357, 36017, 40193, 322073, 514229, 3821263937, 6857029027549 ] ],
    [ 262, [ 1049, 414988698461, 5477332620091, 1066340417491710595814572169 ] ],
    [ 263, [ 4733, 93629, 9283622964639019423529121698442566463089390281 ] ],
    [ 264, [ 2, 2, 2, 2, 2, 3, 3, 7, 23, 43, 89, 199, 263, 307, 881, 967, 5281, 9901, 19801, 66529, 152204449, 261399601 ] ],
    [ 265, [ 5, 953, 15901, 55945741, 2741218753681, 926918599457468125920827581 ] ],
    [ 266, [ 13, 29, 37, 113, 3457, 9349, 42293, 10694421739, 2152958650459, 351301301942501 ] ],
    [ 267, [ 2, 1069, 122887425153289, 1665088321800481, 64455877349703042877309 ] ],
    [ 268, [ 3, 269, 4021, 6163, 116849, 1429913, 24994118449, 201912469249, 2705622682163 ] ],
    [ 269, [ 5381, 2517975182669813, 32170944747810641, 169360439829648789853 ] ],
    [ 270, [ 2, 2, 2, 5, 11, 17, 19, 31, 53, 61, 109, 181, 271, 541, 811, 5779, 42391, 109441, 119611, 1114769954367361 ] ],
    [ 271, [ 449187076348273, 430267212525867121951740619093594938058573 ] ],
    [ 272, [ 3, 7, 47, 67, 1597, 3571, 63443, 23230657239121, 562627837283291940137654881 ] ],
    [ 273, [ 2, 13, 13, 233, 421, 135721, 640457, 741469, 159607993, 1483547330343905886515273 ] ],
    [ 274, [ 541721291, 78982487870939058281, 19134702400093278081449423917 ] ],
    [ 275, [ 5, 5, 89, 661, 3001, 474541, 7239101, 15806979101, 5527278404454199535821801 ] ],
    [ 276, [ 2, 2, 2, 2, 3, 3, 137, 139, 461, 691, 829, 4969, 16561, 18077, 28657, 162563, 275449, 1485571, 1043766587 ] ],
    [ 277, [ 505471005740691524853293621, 6861121308187330908986328104917 ] ],
    [ 278, [ 277, 30859, 253279129, 2114537501, 14331800109223159, 85526722937689093 ] ],
    [ 279, [ 2, 17, 557, 2417, 11717, 4531100550901, 594960058508093, 6279830532252706321 ] ],
    [ 280, [ 3, 5, 7, 7, 11, 13, 29, 41, 71, 281, 911, 2161, 14503, 141961, 12317523121, 118021448662479038881 ] ],
    [ 281, [ 174221, 119468273, 1142059735200417842620494388293215303693455057 ] ],
    [ 282, [ 2, 2, 2, 108289, 1435097, 79099591, 142017737, 2971215073, 6643838879, 139509555271 ] ],
    [ 283, [ 10753, 825229, 15791401, 444111888848805843163235784298630863264881 ] ],
    [ 284, [ 3, 283, 569, 6673, 2820403, 9799987, 35537616083, 46165371073, 688846502588399 ] ],
    [ 285, [ 2, 5, 37, 61, 113, 761, 797, 29641, 54833, 67735001, 956734616715046328502480330601 ] ],
    [ 286, [ 89, 199, 233, 521, 8581, 1957099, 2120119, 1784714380021, 1929584153756850496621 ] ],
    [ 287, [ 13, 2789, 59369, 198160071001853267796700692507490184570501064382201 ] ],
    [ 288, [ 2, 2, 2, 2, 2, 2, 2, 3, 3, 3, 7, 17, 19, 23, 47, 107, 769, 1103, 2207, 3167, 103681, 10749957121, 115561578124838522881 ] ],
    [ 289, [ 577, 1597, 1733, 98837, 101232653, 106205194357, 658078658277725444483848541 ] ],
    [ 290, [ 5, 11, 59, 19489, 514229, 120196353941, 1322154751061, 349619996930737079890201 ] ],
    [ 291, [ 2, 193, 389, 3084989, 361040209, 76674415738994499773, 227993117754975870677 ] ],
    [ 292, [ 3, 29201, 151549, 9375829, 86020717, 11899937029, 37125857850184727260788881 ] ],
    [ 293, [ 64390759997, 118869391634972852522952098964476155238134997314729 ] ],
    [ 294, [ 2, 2, 2, 13, 29, 97, 211, 293, 421, 3529, 65269, 620929, 6168709, 8844991, 599786069, 347502052673 ] ],
    [ 295, [ 5, 353, 1181, 35401, 75521, 160481, 737501, 2710260697, 11209692506253906608469121 ] ],
    [ 296, [ 3, 7, 73, 149, 2221, 11987, 10661921, 54018521, 81143477963, 114087288048701953998401 ] ],
    [ 297, [ 2, 17, 53, 89, 109, 197, 593, 4157, 19801, 1360418597, 18546805133, 12369243068750242280033 ] ],
    [ 298, [ 110557, 162709, 952111, 4000949, 4434539, 85607646594577, 3263039535803245519 ] ],
    [ 299, [ 233, 28657, 20569928772342752084634853420271392820560402848605171521 ] ],
    [ 300, [ 2, 2, 2, 2, 3, 3, 5, 5, 11, 31, 41, 61, 101, 151, 401, 601, 2521, 3001, 12301, 18451, 570601, 230686501, 87129547172401 ] ],
    [ 301, [ 13, 433494437, 63806927452714047340778156846369278969435365966728521 ] ],
    [ 302, [ 1511, 5737, 109734721, 217533000184835774779, 2811666624525811646469915877 ] ],
    [ 303, [ 2, 743519377, 770857978613, 8550224389674481, 96049657917279874851369421 ] ],
    [ 304, [ 3, 7, 37, 47, 113, 9349, 29134601, 562766385967, 1091346396980401, 2206456200865197103 ] ],
    [ 305, [ 5, 2441, 4513, 6101, 555003497, 20415253966247698801, 647277670717998240943861 ] ],
    [ 306, [ 2, 2, 2, 17, 17, 19, 919, 1597, 3469, 3571, 13159, 6376021, 8293976826829399, 7175323114950564593 ] ],
    [ 307, [ 613, 9143689, 5307027867738937, 216913841513988014390392583520681471857 ] ],
    [ 308, [ 3, 13, 29, 43, 89, 199, 281, 307, 229769, 988681, 4832521, 9321929, 15252467, 900164950225760603 ] ],
    [ 309, [ 2, 617, 318889, 519121, 5644193, 512119709, 32386142297, 883364563627459323040861 ] ],
    [ 310, [ 5, 11, 311, 557, 2417, 21701, 3010349, 12370533881, 29138888651, 61182778621, 823837075741 ] ],
    [ 311, [ 837833, 6872477, 603717553, 12722327040132186089258010295231047801838093 ] ],
    [ 312, [ 2, 2, 2, 2, 2, 3, 3, 7, 23, 79, 103, 233, 521, 859, 1249, 90481, 135721, 102193207, 12280217041, 94491842183551489 ] ],
    [ 313, [ 1877, 5009, 7901346123803597, 1558583251423132840655438799726119705876273 ] ],
    [ 314, [ 313, 11617, 7636481, 39980051, 10424204306491346737, 16188856575286517818849171 ] ],
    [ 315, [ 2, 5, 13, 17, 61, 421, 109441, 141961, 9761221, 35239681, 8288823481, 120570028745492370271501 ] ],
    [ 316, [ 3, 157, 21803, 5924683, 14629892449, 184715524801, 92180471494753, 32361122672259149 ] ],
    [ 317, [ 1307309, 50354633016533380504238521909, 12055334654946982453464994276837 ] ],
    [ 318, [ 2, 2, 2, 317, 953, 785461, 55945741, 97639037, 119218851371, 229602768949, 4523819299182451 ] ],
    [ 319, [ 89, 1913, 514229, 578029, 1435522969, 1535414556003613, 18626243184683463348283529 ] ],
    [ 320, [ 3, 5, 7, 11, 41, 47, 641, 1087, 1601, 2161, 2207, 3041, 4481, 23725145626561, 878132240443974874201601 ] ],
    [ 321, [ 2, 1247833, 8242065050061761, 264438702655226193752458581121055151414928921 ] ],
    [ 322, [ 13, 29, 139, 461, 1289, 8693, 28657, 1917511, 965840862268529759, 612606107755058997065597 ] ],
    [ 323, [ 37, 113, 1597, 1109581873, 85542646443577, 22469617515216274972459349854327642081 ] ],
    [ 324, [ 2, 2, 2, 2, 3, 3, 3, 3, 3, 17, 19, 53, 107, 109, 2269, 3079, 4373, 5779, 19441, 11128427, 62650261, 1828620361, 6782976947987 ] ],
    [ 325, [ 5, 5, 233, 1301, 3001, 4235401, 605416501, 880262501, 14736206161, 49284706967787569058301 ] ],
    [ 326, [ 977, 1043201, 4892609, 6601501, 33365519393, 32566223208133, 1686454671192230445929 ] ],
    [ 327, [ 2, 653, 1746181, 827728777, 32529675488417, 1589546141427272679433846364366380457 ] ],
    [ 328, [ 3, 7, 163, 2789, 59369, 800483, 350207569, 370248451, 2684571411430027028247905903965201 ] ],
    [ 329, [ 13, 1973, 26321, 2971215073, 127391874411097592672469891375644477141948573020237 ] ],
    [ 330, [ 2, 2, 2, 5, 11, 11, 31, 61, 89, 199, 331, 661, 9901, 19801, 39161, 86461, 474541, 518101, 900241, 51164521, 1550853481 ] ],
    [ 331, [ 29129, 22966686648632120276391228028485200841318497622533370591664502461 ] ],
    [ 332, [ 3, 6464041, 35761381, 6202401259, 245329617161, 10341247759646081, 99194853094755497 ] ],
    [ 333, [ 2, 17, 73, 149, 2221, 12653, 124134848933957, 1459000305513721, 930507731557590226767593761 ] ],
    [ 334, [ 766531, 18104700793, 1966344318693345608565721, 103849927693584542320127327909 ] ],
    [ 335, [ 5, 269, 116849, 1429913, 20404106545895102906154128520186891133003217651144766361 ] ],
    [ 336, [ 2, 2, 2, 2, 2, 2, 3, 3, 7, 7, 13, 23, 29, 47, 83, 167, 211, 281, 421, 1103, 1427, 14503, 65740583, 10745088481, 115613939510481515041 ] ],
    [ 337, [ 673, 15229266824729, 1171266446222833267851409604104331211834067048447153001 ] ],
    [ 338, [ 233, 337, 521, 89909, 104600155609, 126213229732669, 596107814364089, 671040394220849329 ] ],
    [ 339, [ 2, 677, 149161, 258317, 272602401466814027129, 2209878650579776888742215348691420033 ] ],
    [ 340, [ 3, 5, 11, 41, 67, 1361, 1597, 3571, 9521, 40801, 63443, 1158551, 12760031, 3415914041, 11614654211954032961 ] ],
    [ 341, [ 89, 557, 2417, 761227665342913, 197907695243868721, 4558282384863830955384586674337 ] ],
    [ 342, [ 2, 2, 2, 17, 19, 19, 37, 113, 229, 797, 6841, 9349, 54833, 95419, 162451, 1617661, 7038398989, 5741461760879844361 ] ],
    [ 343, [ 13, 97, 46649, 6168709, 5449038756620509, 108944170944009875978306751482234414702393 ] ],
    [ 344, [ 3, 7, 6709, 144481, 433494437, 313195711516578281, 126117711915911646784404045944033521 ] ],
    [ 345, [ 2, 5, 61, 137, 829, 1381, 18077, 28657, 186301, 2441738887963981, 25013864044961447973152814604981 ] ],
    [ 346, [ 78889, 6248069, 16923049609, 1639343785721, 171246170261359, 389678749007629271532733 ] ],
    [ 347, [ 324097, 1434497, 3345860598013, 34201673799023762317333, 27752129035785622184033593 ] ],
    [ 348, [ 2, 2, 2, 2, 3, 3, 59, 173, 347, 349, 19489, 97787, 514229, 528295667, 947104099, 1270083883, 3821263937, 5639710969 ] ],
    [ 349, [ 1358309, 2663569, 27520930737677877058673, 38821811608439215392813985660473247253 ] ],
    [ 350, [ 5, 5, 11, 13, 29, 71, 101, 151, 701, 911, 3001, 54601, 141961, 560701, 7517651, 51636551, 17231203730201189308301 ] ],
    [ 351, [ 2, 17, 53, 109, 233, 29717, 135721, 2623373, 8023861, 39589685693, 65790321679740490371744098034257 ] ],
    [ 352, [ 3, 7, 43, 47, 89, 199, 263, 307, 881, 967, 1409, 2207, 93058241, 562418561, 6086461133983, 319702847642258783 ] ],
    [ 353, [ 736357, 35980201101257391549860360923563262525974949247991832187257385201689 ] ],
    [ 354, [ 2, 2, 2, 353, 709, 8969, 336419, 2191261, 10884439, 805134061, 1297027681, 2710260697, 105117617351706859 ] ],
    [ 355, [ 5, 4261, 6673, 75309701, 309273161, 46165371073, 9207609261398081, 49279722643391864192801 ] ],
    [ 356, [ 3, 179, 1069, 1665088321800481, 22235502640988369, 5280544535667472291277149119296546201 ] ],
    [ 357, [ 2, 13, 421, 1429, 1597, 258469, 6376021, 159512939815855788121, 27653866239836258463881623092961 ] ],
    [ 358, [ 359, 21481, 156089, 1066737847220321, 66932254279484647441, 3418816640903898929534613769 ] ],
    [ 359, [ 475420437734698220747368027166749382927701417016557193662268716376935476241 ] ],
    [ 360, [ 2, 2, 2, 2, 2, 3, 3, 3, 5, 7, 11, 17, 19, 23, 31, 41, 61, 107, 181, 241, 541, 2161, 2521, 8641, 20641, 103681, 109441, 10783342081, 13373763765986881 ] ],
    [ 361, [ 37, 113, 6567762529, 1196762644057, 3150927827816930878141597, 12020126510714734783009241 ] ],
    [ 362, [ 8689, 97379, 422453, 21373261504197751, 32242356485644069, 8175789237238547574551461093 ] ],
    [ 363, [ 2, 89, 19801, 97415813466381445596089, 9490559604335963796081847699035385001836615801 ] ],
    [ 364, [ 3, 13, 13, 29, 233, 281, 521, 90481, 232961, 741469, 159607993, 689667151970161, 6110578634294886534808481 ] ],
    [ 365, [ 5, 210241, 9375829, 27583781, 86020717, 758275080626801, 481086261779233475625991833542941 ] ],
    [ 366, [ 2, 2, 2, 1097, 4513, 555003497, 14686239709, 5600748293801, 533975715909289, 14297347971975757800833 ] ],
    [ 367, [ 733, 17969789, 75991753, 5648966761, 43397676601, 114150315493, 797357235624701499134444201 ] ],
    [ 368, [ 3, 7, 47, 139, 367, 461, 4969, 28657, 253367, 275449, 9506372193863, 37309023160481, 441720958100381917103 ] ],
    [ 369, [ 2, 17, 2789, 8117, 59369, 199261, 84738793193, 9382599520669, 68541957733949701, 117838518633351469 ] ],
    [ 370, [ 5, 11, 73, 149, 2221, 54018521, 265272771839851, 2918000731816531, 1702945513191305556907097618161 ] ],
    [ 371, [ 13, 953, 207017, 55945741, 1066891454330692360911118469915492770211286402568532457966113 ] ],
    [ 372, [ 2, 2, 2, 2, 3, 3, 557, 2417, 63799, 3010349, 15917507, 35510749, 3020733700601, 4531100550901, 859886421593527043 ] ],
    [ 373, [ 2237, 9697, 371509, 20580649, 2416423364226955152383303968756154137928463542120118369457 ] ],
    [ 374, [ 89, 199, 373, 1597, 1871, 3571, 905674234408506526265097390431, 10157807305963434099105034917037 ] ],
    [ 375, [ 2, 5, 5, 5, 61, 3001, 9001, 169501, 230686501, 41510105455501, 9906293406944653501, 158414167964045700001 ] ],
    [ 376, [ 3, 7, 563, 5641, 18049, 100769, 2971215073, 6643838879, 4632894751907, 153037630649666194962091443041 ] ],
    [ 377, [ 233, 514229, 104264251753, 361575655741, 608146585345567981670893199985449202015060094237 ] ],
    [ 378, [ 2, 2, 2, 13, 17, 19, 29, 53, 109, 211, 379, 421, 1009, 5779, 31249, 38933, 85429, 912871, 35239681, 1258740001, 955921950316735037 ] ],
    [ 379, [ 757, 11889989, 642738983137, 1243136101631663129079979782427254735474816905340504524221 ] ],
    [ 380, [ 3, 5, 11, 37, 41, 113, 191, 761, 2281, 4561, 9349, 29641, 41611, 29134601, 67735001, 87382901, 782747561, 174795553490801 ] ],
    [ 381, [ 2, 27941, 18995897, 5568053048227732210073, 3185450213669826966828420712039093359617657693 ] ],
    [ 382, [ 22921, 4870723671313, 395586472506832921, 910257559954057439, 757810806256989128439975793 ] ],
    [ 383, [ 1639241, 15318508443810774614619603643486769, 1963007348390950600033407902951373073993 ] ],
    [ 384, [ 2, 2, 2, 2, 2, 2, 2, 2, 2, 3, 3, 7, 23, 47, 127, 383, 769, 1087, 1103, 2207, 3167, 4481, 5662847, 6803327, 19073614849, 186812208641, 11862575248703 ] ],
    [ 385, [ 5, 13, 89, 661, 141961, 474541, 988681, 4832521, 37807001, 75954341, 13837648441, 2638710957802673148692221 ] ],
    [ 386, [ 303011, 76225351, 9465278929, 935527893146187207403151261, 1020930432032326933976826008497 ] ],
    [ 387, [ 2, 17, 257, 773, 5417, 8513, 116101, 39639893, 433494437, 14279673833, 38074001361639245985686714500108609 ] ],
    [ 388, [ 3, 193, 389, 3299, 195163, 3084989, 4501963, 361040209, 5644065667, 56678557502141579, 2350117027000544947 ] ],
    [ 389, [ 2333, 13989786889408090766142164789, 27100744230763476331608468125704435058854674830597 ] ],
    [ 390, [ 2, 2, 2, 5, 11, 31, 61, 79, 131, 233, 521, 859, 1951, 2081, 2731, 24571, 135721, 866581, 37928281, 14736206161, 88999250837499877681 ] ],
    [ 391, [ 1597, 28657, 1493656753, 33876293667763037845180174261018935516188548143467726630277887857 ] ],
    [ 392, [ 3, 7, 7, 7, 13, 29, 97, 281, 5881, 14503, 3016049, 6168709, 599786069, 61025309469041, 6100804791163473872231629367 ] ],
    [ 393, [ 2, 2006657, 1066340417491710595814572169, 1416637080946563927978520983870724423060828193993 ] ],
    [ 394, [ 15761, 25795969, 227150265697, 31498587119111339, 717185107125886549, 4701907222895068350249889 ] ],
    [ 395, [ 5, 157, 1472561, 92180471494753, 148953605644242840431762356563438185533394886582362797645241 ] ],
    [ 396, [ 2, 2, 2, 2, 3, 3, 3, 17, 19, 43, 89, 107, 197, 199, 307, 991, 2179, 9901, 19801, 1513909, 261399601, 11166702227, 18546805133, 1076312899454363 ] ],
    [ 397, [ 135263838653434038307643992992133441, 307203719010249860094186673433457816461942845097 ] ],
    [ 398, [ 397, 2389, 4503769, 36036960414811969810787847118289, 436782169201002048261171378550055269633 ] ],
    [ 399, [ 2, 13, 37, 113, 421, 797, 3457, 42293, 54833, 351301301942501, 1059009573400125529504166094598642626708730201 ] ],
    [ 400, [ 3, 5, 5, 7, 11, 41, 47, 101, 151, 401, 1601, 2161, 3001, 3041, 124001, 570601, 6996001, 9125201, 5738108801, 3160438834174817356001 ] ],
    [ 401, [ 13885829, 20511004284187109877126452996177685582573434310785829998805054825748557857369 ] ],
    [ 402, [ 2, 2, 2, 269, 4021, 116849, 1429913, 24994118449, 2686039424221, 940094299967491, 5050260704396247169315999021 ] ],
    [ 403, [ 233, 557, 2417, 15313, 5068933, 42136290591640129, 726796986826035940911404502049392514854936553261 ] ],
    [ 404, [ 3, 809, 7879, 743519377, 770857978613, 201062946718741, 547497418496144666543167613835090178297001 ] ],
    [ 405, [ 2, 5, 17, 53, 61, 109, 2269, 4373, 19441, 109441, 1114769954367361, 23692245912756822601, 58441864401139948168370041 ] ],
    [ 406, [ 13, 29, 29, 59, 1217, 19489, 514229, 56470541, 2586982700656733994659533, 2748232098283374889444289976282269 ] ],
    [ 407, [ 73, 89, 149, 2221, 140997186409836049132841, 16858791493852006991125693680612934215433660323341561 ] ],
    [ 408, [ 2, 2, 2, 2, 2, 3, 3, 7, 23, 67, 409, 919, 1223, 1597, 3469, 3571, 63443, 6376021, 66265118449, 23230657239121, 470039965023902754923207 ] ],
    [ 409, [ 4909, 25357, 8097429243052573, 13274610762728475186529036678515926243932120323278453753698141 ] ],
    [ 410, [ 5, 11, 821, 1231, 2789, 5741, 59369, 125598581, 370248451, 2170732312961, 111359800682371, 36448117857891321536401 ] ],
    [ 411, [ 2, 5449861, 972663078773, 5687182485808243129, 30362561855982035333, 19134702400093278081449423917 ] ],
    [ 412, [ 3, 619, 1031, 81163, 519121, 5644193, 512119709, 5257480026438961, 46235392144586222367191440726672730987 ] ],
    [ 413, [ 13, 353, 456512029, 2710260697, 16152102821660189537197311838569854152041699593953947661476644869 ] ],
    [ 414, [ 2, 2, 2, 17, 19, 137, 139, 461, 691, 829, 18077, 28657, 1485571, 3643684402534298380040912641, 4072353155773627601222196481 ] ],
    [ 415, [ 5, 99194853094755497, 845417665832830648601, 200996663240698258054501, 2848829070117112957136261 ] ],
    [ 416, [ 3, 7, 47, 103, 233, 521, 2207, 3329, 7489, 90481, 45045727, 102193207, 106513889, 325759201, 39586709834808244008811690207 ] ],
    [ 417, [ 2, 277, 9173, 2114537501, 85526722937689093, 683947238399029925033711768294717540495219762245783337 ] ],
    [ 418, [ 37, 89, 113, 199, 419, 9349, 20669776469, 2959707364050967146316591, 57314120955051297736679165379998262001 ] ],
    [ 419, [ 11623061, 41725948237, 3393200564226497046882583008131573453035659086661826488296331577216633 ] ],
    [ 420, [ 2, 2, 2, 2, 3, 3, 5, 11, 13, 29, 31, 41, 61, 71, 83, 211, 281, 421, 911, 1427, 2521, 21211, 141961, 721561, 767131, 8288823481, 12317523121, 140207234004601 ] ],
    [ 421, [ 11789, 644049169, 45688564527041, 12419612272955106811356207991726829826708946646468147276038541 ] ],
    [ 422, [ 22504837, 38490197, 800972881, 33128448586319, 80475423858449593021, 3768695026320506495615952689771 ] ],
    [ 423, [ 2, 17, 108289, 1435097, 142017737, 2971215073, 5059011062939973161728794842994673444156809986180713505281 ] ],
    [ 424, [ 3, 7, 953, 1483, 2969, 55945741, 250410161, 119218851371, 1076012367720403, 115247030905506311529891723062628161 ] ],
    [ 425, [ 5, 5, 1597, 3001, 9521, 52815601, 3415914041, 14187954345303564388390001, 10112992306285268138636226624093401 ] ],
    [ 426, [ 2, 2, 2, 1277, 1279, 6673, 1882921, 46165371073, 688846502588399, 49258624519847932639, 185790722054921374395775013 ] ],
    [ 427, [ 13, 853, 4513, 555003497, 24949586896499848287125235667356281, 111563103944402441480308843338387667157 ] ],
    [ 428, [ 3, 21401, 374929, 1247833, 47927441, 226981241, 126192465881, 479836483312919, 767056342442009, 8242065050061761 ] ],
    [ 429, [ 2, 89, 233, 857, 8581, 19801, 48049, 135721, 1929584153756850496621, 2663396138301998847157242280783003329461657 ] ],
    [ 430, [ 5, 11, 431, 1291, 1721, 6709, 144481, 433494437, 2607553541, 1266715025281, 66163448516461, 67712817361580804952011621 ] ],
    [ 431, [ 529892711006095621792039556787784670197112759029534506620905162834769955134424689676262369 ] ],
    [ 432, [ 2, 2, 2, 2, 2, 2, 3, 3, 3, 3, 7, 17, 19, 23, 47, 53, 107, 109, 1103, 3023, 5779, 6263, 19009, 103681, 11128427, 447901921, 10749957121, 177962167367, 48265838239823 ] ],
    [ 433, [ 1387277127804783827114186103186246392258450358171783690079918032136025225954602593712568353 ] ],
    [ 434, [ 13, 29, 433, 557, 2417, 18229, 44269, 3010349, 125024551, 217221773, 2191174861, 6274653314021, 11260169813534893704769219 ] ],
    [ 435, [ 2, 5, 61, 173, 6961, 514229, 3821263937, 349619996930737079890201, 7196661390635764407916551386458559471906041 ] ],
    [ 436, [ 3, 1307, 128621, 788071, 827728777, 593985111211, 32529675488417, 924503867289824805827159934087885660335843 ] ],
    [ 437, [ 37, 113, 28657, 3955434352527379623598597, 49515268247820822204156890633, 405200132445106923681094442501 ] ],
    [ 438, [ 2, 2, 2, 439, 123953, 151549, 4139537, 9375829, 86020717, 11899937029, 12748437199, 145282738021003201, 3169251245945843761 ] ],
    [ 439, [ 877, 163309, 41071004474575750019238941, 12842054866056446184519361561, 329541040898736809891408309777 ] ],
    [ 440, [ 3, 5, 7, 11, 11, 41, 43, 89, 199, 263, 307, 331, 661, 881, 967, 2161, 39161, 474541, 59996854928656801, 2800076631444853778881663695403201 ] ],
    [ 441, [ 2, 13, 17, 97, 293, 421, 3529, 135829, 6168709, 35239681, 347502052673, 340324206333464148283190550609393998254447317949 ] ],
    [ 442, [ 233, 521, 1597, 3571, 203572412497, 2337127044022973021, 3531495042124863863141, 90657498718024645326392940193 ] ],
    [ 443, [ 8861, 104549, 15170977, 1303309310797189261, 9314852044499095088136174224518688537294606645165137816589 ] ],
    [ 444, [ 2, 2, 2, 2, 3, 3, 73, 149, 443, 2221, 4441, 11987, 146521, 1121101, 54018521, 55927129, 6870470209, 8336942267, 81143477963, 1459000305513721 ] ],
    [ 445, [ 5, 1069, 1801361, 6877921, 1665088321800481, 156525289282548414081799081, 25881382454011167597293539763392241 ] ],
    [ 446, [ 4013, 108377, 209621, 251534189, 164344610046410138896156070813, 191782505151874799799825102831271417475449 ] ],
    [ 447, [ 2, 46489, 110557, 162709, 4000949, 85607646594577, 2041439879348543749772391551430740910004881655249657303909 ] ],
    [ 448, [ 3, 7, 7, 13, 29, 47, 223, 281, 449, 1087, 2207, 2689, 4481, 14503, 10745088481, 1154149773784223, 4966336310413757728406317515606275329 ] ],
    [ 449, [ 3061719992484545030554313848083717208111285432353738497131674799321571238149015933442805665949 ] ],
    [ 450, [ 2, 2, 2, 5, 5, 11, 17, 19, 31, 61, 101, 151, 181, 541, 3001, 12301, 18451, 109441, 221401, 15608701, 230686501, 3467131047901, 11981661982050957053616001 ] ],
    [ 451, [ 89, 2789, 59369, 855997, 928157, 1027729298220237292846693, 666146992336447094037882680026427177876016818933 ] ],
    [ 452, [ 3, 677, 6329, 2151521, 122464427, 272602401466814027129, 412670427844921037470771, 34040411535767969315747440867 ] ],
    [ 453, [ 2, 5737, 2811666624525811646469915877, 650485110124585564207518444489238632181884291012150730878874501 ] ],
    [ 454, [ 23609, 39499, 5098421, 4311537234701, 317351386961794678797301, 5219534137983025159078847113619467285727377 ] ],
    [ 455, [ 5, 13, 13, 233, 141961, 202021, 741469, 159607993, 14736206161, 36768087721, 40281313801, 3126295447311401, 1204966861388885141 ] ],
    [ 456, [ 2, 2, 2, 2, 2, 3, 3, 7, 23, 37, 113, 227, 229, 797, 9349, 26449, 54833, 62929, 95419, 29134601, 212067587, 307826903, 1091346396980401, 65494688793368423 ] ],
    [ 457, [ 6397, 16856134241, 1333927604656978699303117473564039266491158034086156293915167939724355557163329381 ] ],
    [ 458, [ 457, 2749, 6871, 40487201, 132605449901, 47831560297620361798553, 104990418946773667410736999685208265866007631 ] ],
    [ 459, [ 2, 17, 17, 53, 109, 1597, 2753, 6376021, 2043118036369, 7175323114950564593, 13095384194065076117, 20955481081478349560251309 ] ],
    [ 460, [ 3, 5, 11, 41, 139, 461, 1151, 1381, 4969, 5981, 28657, 275449, 324301, 686551, 2441738887963981, 3116523496881881, 2224700455311857347241 ] ],
    [ 461, [ 26737, 21176476637, 9208154892884357, 57907365333787128886141126177, 3265459874889974301958128640187194421 ] ],
    [ 462, [ 2, 2, 2, 13, 29, 89, 199, 211, 421, 4621, 9901, 19801, 229769, 988681, 4832521, 9321929, 19630381, 201562805274601, 9164259601748159235188401 ] ],
    [ 463, [ 2777, 69783361, 13318786926038248071237257909512174211877366968685450030171670663391231386848105517061 ] ],
    [ 464, [ 3, 7, 47, 59, 347, 463, 929, 12527, 19489, 277007, 299281, 514229, 1270083883, 834428410879506721, 43561231976081277978655158673967 ] ],
    [ 465, [ 2, 5, 61, 557, 2417, 5581, 21701, 76261, 12370533881, 61182778621, 4531100550901, 6936488411701, 59666387254501, 627655040817361 ] ],
    [ 466, [ 139801, 818757341, 6911530261, 25047390419633, 631484089583693149557829547141, 873757179900549251563653697571 ] ],
    [ 467, [ 73330281865487664068079924400662001093, 241245732821994564754865847293001548284668180469528010576021 ] ],
    [ 468, [ 2, 2, 2, 2, 3, 3, 3, 17, 19, 79, 107, 233, 467, 521, 859, 21529, 29717, 90481, 135721, 12280217041, 39589685693, 1052645985555841, 123944171348849444948627 ] ],
    [ 469, [ 13, 269, 937, 52529, 116849, 976457, 1429913, 32924737, 293548037, 104712482697806353, 1629657085554814314951852158148550373 ] ],
    [ 470, [ 5, 11, 941, 6581, 8461, 119851, 842432231, 2971215073, 6643838879, 33481417483721, 389678426275593986752662955603693114561 ] ],
    [ 471, [ 2, 313, 11617, 7636481, 9947521, 10424204306491346737, 40729012583008994401, 516975898656776821074144595127483817001 ] ],
    [ 472, [ 3, 7, 353, 709, 8969, 12743, 13687, 336419, 15247723, 2710260697, 5974828049, 100049587197598387, 2871307447985313921708888731089 ] ],
    [ 473, [ 89, 433494437, 8228019283366277070501055486275876886810133303013218656073515564031086075210462502794801 ] ],
    [ 474, [ 2, 2, 2, 157, 1668481, 40762577, 637293949, 399660629491, 1027912163389, 92180471494753, 32361122672259149, 7698999052751136773 ] ],
    [ 475, [ 5, 5, 37, 113, 761, 1901, 3001, 5701, 29641, 3630901, 67735001, 44067633590456053146815156009838116970235045954436788435646501 ] ],
    [ 476, [ 3, 13, 29, 67, 239, 281, 1597, 3571, 10711, 63443, 75683, 3465148147, 27932732439809, 159512939815855788121, 58351516230584163679868441 ] ],
    [ 477, [ 2, 17, 317, 953, 55945741, 97639037, 229602768949, 1558450527658669, 108374637487602189019153916665068012733827793168549 ] ],
    [ 478, [ 479, 7649, 10037, 62141, 2228536579597318057, 28546908862296149233369, 24216191671442408226762026802756956706931169 ] ],
    [ 479, [ 2637373, 3219614693083858472025795467033, 670840418331687038417340478253445993865567141692323698063415069 ] ],
    [ 480, [ 2, 2, 2, 2, 2, 2, 2, 3, 3, 5, 7, 11, 23, 31, 41, 47, 61, 241, 769, 1103, 1601, 2161, 2207, 2521, 3041, 3167, 20641, 281490241, 23725145626561, 23735900452321, 1999653272832963841 ] ],
    [ 481, [ 73, 149, 233, 2221, 6733, 1529581, 278574997, 923491964053979620044267467977143148287651427604351735846749847194791541 ] ],
    [ 482, [ 1156801, 4645999, 11042621, 7005329677, 1342874889289644763267952824739273, 43219877626484550971962471774087607599 ] ],
    [ 483, [ 2, 13, 137, 421, 829, 8693, 18077, 28657, 1795220677069, 612606107755058997065597, 6341452905360146056272600296395866384176869 ] ],
    [ 484, [ 3, 43, 89, 199, 307, 200872171147, 3564873012035809, 13253086025993542387, 97415813466381445596089, 97420733208491869044199 ] ],
    [ 485, [ 5, 193, 389, 3881, 5821, 3084989, 361040209, 16892304192301, 511715857773521, 4173592724422721, 299961374372702604932397213521 ] ],
    [ 486, [ 2, 2, 2, 17, 19, 53, 109, 2269, 3079, 4373, 5779, 19441, 59779, 62650261, 448607550257, 16000411124306403070561, 120074026624398979403194983601 ] ],
    [ 487, [ 1949, 94477, 1694761, 857530162443103645092016365167333548053095312130794224202009189528601953890493642138861 ] ],
    [ 488, [ 3, 7, 487, 4513, 19763, 21291929, 555003497, 5600748293801, 24848660119363, 52471477541626010209, 5500902230146438151405489047 ] ],
    [ 489, [ 2, 977, 4892609, 33365519393, 32566223208133, 55010483350408487052485570744297, 1226013535493914575737104535462481893 ] ],
    [ 490, [ 5, 11, 13, 29, 71, 97, 491, 911, 1471, 141961, 6168709, 88972241, 599786069, 4353947431, 459807660691, 128955073914024460192651484843195641 ] ],
    [ 491, [ 141600090215093, 1621212105820049, 7989930331870878172694349568563967453474817377713504694454418890569410437 ] ],
    [ 492, [ 2, 2, 2, 2, 3, 3, 163, 2789, 59369, 800483, 4767481, 350207569, 370248451, 7188487771, 67031206681, 68541957733949701, 46724505421882309671121 ] ],
    [ 493, [ 1597, 514229, 217596464470297558206812683777, 26872515696230594211399467081043889858122353633423500997472853513 ] ],
    [ 494, [ 37, 113, 233, 521, 9349, 383839, 768548899, 409100738617, 2900839194578436063903816717541, 4677306043367904676926312147328153 ] ],
    [ 495, [ 2, 5, 17, 61, 89, 197, 661, 19801, 86461, 109441, 474541, 518101, 900241, 18546805133, 1250839826281, 108731473304581613972583522102637384921 ] ],
    [ 496, [ 3, 7, 47, 557, 743, 2417, 467729, 3010349, 1952755969, 3020733700601, 33758740830460183, 73483350528661634941003491044929827858529 ] ],
    [ 497, [ 13, 6673, 46165371073, 1370640253413013645946259484793, 5996086812383398322557746546772499944741874012058987858857 ] ],
    [ 498, [ 2, 2, 2, 499, 35761381, 6202401259, 43084912634851, 1033043205255409, 99194853094755497, 572087591261946589, 23812215284009787769 ] ],
    [ 499, [ 997, 492013, 3074837, 57128608773902499888960755640879595424590122515509365520944618528846769695130838292100993 ] ],
    [ 500, [ 3, 5, 5, 5, 11, 41, 101, 151, 251, 401, 3001, 570601, 112128001, 1353439001, 28143378001, 5465167948001, 84817574770589638001, 158414167964045700001 ] ],
    [ 501, [ 2, 18104700793, 9024686010889754273, 1966344318693345608565721, 351082956611639069560238479712041302626479716454577 ] ],
    [ 502, [ 15061, 170179, 712841, 582416774750273, 15636705475517134545061743537722067281, 21937080329465122026187124199656961913 ] ],
    [ 503, [ 10061, 59726221, 395657789, 5195875312324446209, 2430014747700999423017017501, 196745364145020787213452779187514784417 ] ],
    [ 504, [ 2, 2, 2, 2, 2, 3, 3, 3, 7, 7, 13, 17, 19, 23, 29, 83, 107, 167, 211, 281, 421, 503, 1009, 1427, 14503, 31249, 103681, 1461601, 35239681, 65740583, 764940961, 4322424761927, 571385160581761 ] ],
    [ 505, [ 5, 743519377, 44614641121, 770857978613, 960700389041, 12588421794766514566269164716286291055826556238643852856601641 ] ],
    [ 506, [ 89, 139, 199, 461, 28657, 4322114369, 2201228236641589, 13343097459037867049, 1378497303338047612061, 439589715274978576995097049 ] ],
    [ 507, [ 2, 233, 337, 1013, 89909, 135721, 10069148777, 104600155609, 126213229732669, 17340889195212892399797173, 904631677874647406183595497 ] ],
    [ 508, [ 3, 509, 1523, 5081, 27941, 487681, 13822681, 19954241, 347366417511089201, 5568053048227732210073, 76252069628164074340107412376147 ] ],
    [ 509, [ 10597999265301490732599643671505003412515860435409421932560009680142974347195483140293254396195769876129909 ] ],
    [ 510, [ 2, 2, 2, 5, 11, 31, 61, 919, 1021, 1597, 3469, 3571, 9521, 53551, 95881, 1158551, 6376021, 12760031, 3415914041, 20778644396941, 20862774425341, 162716451241291 ] ],
    [ 511, [ 13, 20441, 3545317, 9375829, 86020717, 78439756057054169, 465532098965649208140836266106034145314280492322136535931509597 ] ],
    [ 512, [ 3, 7, 47, 127, 1087, 2207, 4481, 34303, 119809, 73327699969, 186812208641, 4698167634523379875583, 125960894984050328038716298487435392001 ] ],
    [ 513, [ 2, 17, 37, 53, 109, 113, 797, 6841, 8209, 33857, 54833, 347813, 593029, 25355537, 5741461760879844361, 35451720286800511841765814302792808604073 ] ],
    [ 514, [ 5653, 2107028233569599, 125090447782502159, 1945042261468790758531, 32971978671645905645521, 1230026721719313471360714649 ] ],
    [ 515, [ 5, 519121, 5644193, 512119709, 84388938382141, 300367026458796424297447559250634818495937628065437243817852436228914621 ] ],
    [ 516, [ 2, 2, 2, 2, 3, 3, 257, 5417, 6709, 8513, 144481, 308311, 7772507, 39639893, 433494437, 761882591401, 73254041816089, 258422401920467, 313195711516578281 ] ],
    [ 517, [ 89, 1033, 58937, 2971215073, 2442882935400038849127521, 641466124349607697016238097, 19734956865220744491464525121486672913 ] ],
    [ 518, [ 13, 29, 73, 149, 1553, 2221, 2591, 54018521, 404656773793, 3041266742295771985148799223649, 330666900546898116460968438563218940272271 ] ],
    [ 519, [ 2, 6229, 1174427453, 1639343785721, 3231124141939501, 389678749007629271532733, 43161383894452590546002225010382867863046433 ] ],
    [ 520, [ 3, 5, 7, 11, 41, 103, 131, 233, 521, 2081, 2161, 3121, 24571, 90481, 21183761, 57089761, 102193207, 1932300241, 14736206161, 5836312049326721, 42426476041450801 ] ],
    [ 521, [ 9377, 90166509474958826619701, 4036141602565042506796807411189386353445847393842345956712607766030499464438698873 ] ],
    [ 522, [ 2, 2, 2, 17, 19, 59, 173, 349, 2089, 19489, 20357, 36017, 40193, 322073, 514229, 947104099, 3821263937, 6857029027549, 121645431297608956949367975807331201 ] ],
    [ 523, [ 8369, 3537386857, 1660205532813870854128220799877, 181774461178042112700966358811703438066944381095460440922027939977 ] ],
    [ 524, [ 3, 523, 1049, 4239161, 414988698461, 5477332620091, 1066340417491710595814572169, 854788933334042653924869941395368987034789067 ] ],
    [ 525, [ 2, 5, 5, 13, 61, 421, 701, 3001, 4201, 141961, 823201, 2553601, 23169301, 230686501, 8288823481, 82061511001, 8481116649425701, 17231203730201189308301 ] ],
    [ 526, [ 1579, 4733, 93629, 924709, 2098741, 3001949101336686906107454320302466346629, 9283622964639019423529121698442566463089390281 ] ],
    [ 527, [ 557, 1597, 2417, 471137, 163545836607653, 369639132973488992619493837433378884562914511905226176930972234641134289225333541 ] ],
    [ 528, [ 2, 2, 2, 2, 2, 2, 3, 3, 7, 23, 43, 47, 89, 199, 263, 307, 881, 967, 1103, 5281, 9901, 19801, 66529, 93058241, 152204449, 261399601, 562418561, 893844775132847, 3068718630789795983 ] ],
    [ 529, [ 28657, 45981737, 306211903657739796051001, 64350963924373587143089997, 6174239434080219286005148715778137579702050231573 ] ],
    [ 530, [ 5, 11, 953, 1061, 15901, 17491, 124021, 7627231, 14161601, 55945741, 119218851371, 2741218753681, 73872456598219381, 926918599457468125920827581 ] ],
    [ 531, [ 2, 17, 353, 7433, 2043289, 2191261, 805134061, 1297027681, 2710260697, 2192843129417, 169306734318746382672874181135802798876447964518169 ] ],
    [ 532, [ 3, 13, 29, 37, 113, 281, 3457, 9349, 42293, 978347, 29134601, 186313849, 3336915203, 10694421739, 2152958650459, 351301301942501, 2608509549583653221689 ] ],
    [ 533, [ 233, 2789, 59369, 25647961, 14821985227373, 1077776264469061, 69514474850823638832898000642720041675563690374321268644355632697 ] ],
    [ 534, [ 2, 2, 2, 179, 1069, 3739, 122887425153289, 1665088321800481, 22235502640988369, 64455877349703042877309, 1059215940559134586375464519784009 ] ],
    [ 535, [ 5, 2141, 1247833, 8242065050061761, 8489567590713897905501, 3077781500978983285852936834864554143272298231123433682435700521 ] ],
    [ 536, [ 3, 7, 269, 4021, 4289, 6163, 116849, 1429913, 6387083201, 24994118449, 201912469249, 2705622682163, 532023636345822147038743367122454382963889 ] ],
    [ 537, [ 2, 11813, 21481, 156089, 142240444249423907190721, 3418816640903898929534613769, 195506819119444628118393349617623701189123224437 ] ],
    [ 538, [ 5381, 13451, 2517975182669813, 32170944747810641, 49098524855733491, 290341026883813109, 860882346042166879, 169360439829648789853 ] ],
    [ 539, [ 13, 89, 97, 6469, 988681, 4832521, 6168709, 18253437603966181, 50482628680586113961038708678693391038418642373035322011333125610809 ] ],
    [ 540, [ 2, 2, 2, 2, 3, 3, 3, 3, 5, 11, 17, 19, 31, 41, 53, 61, 107, 109, 181, 271, 541, 811, 2521, 5779, 42391, 109441, 119611, 11128427, 12315241, 10783342081, 1114769954367361, 100873547420073756574681 ] ],
    [ 541, [ 54101, 12364910977, 77167083482887551589901586681199721079248267001259341766469347508011462042026951242094776891008933 ] ],
    [ 542, [ 59621, 899179, 92206663291, 449187076348273, 87426439096566323815478492553863521, 430267212525867121951740619093594938058573 ] ],
    [ 543, [ 2, 8689, 35837, 422453, 16094521, 8175789237238547574551461093, 3903786629336559916994727361478951795388816198164294786919716213 ] ],
    [ 544, [ 3, 7, 47, 67, 1597, 2207, 3571, 63443, 4470047, 7378607647, 23230657239121, 42848407775681, 224189164930816106106049, 562627837283291940137654881 ] ],
    [ 545, [ 5, 2398001, 827728777, 32529675488417, 775837786053758555549491982006941864421, 1412605384442881872089827815261929140500730381 ] ],
    [ 546, [ 2, 2, 2, 13, 13, 29, 79, 211, 233, 421, 521, 859, 135721, 640457, 741469, 159607993, 1836084445651, 689667151970161, 1032512153239041931, 1483547330343905886515273 ] ],
    [ 547, [ 1093, 20266379551129, 4724062413782674859069, 46452589505548370052101, 190560254904134497360238364066612854122400596211464361 ] ],
    [ 548, [ 3, 547, 27947, 541721291, 78982487870939058281, 86409516719752275209, 19134702400093278081449423917, 461963939612677343458490143601 ] ],
    [ 549, [ 2, 17, 1097, 4513, 555003497, 620903629, 5883010433, 10424083697, 80256319951861, 14297347971975757800833, 594136812257182681897039452124129 ] ],
    [ 550, [ 5, 5, 11, 11, 89, 101, 151, 199, 331, 661, 3001, 39161, 92401, 474541, 7239101, 15806979101, 6982111964759801, 964537359154707797801, 5527278404454199535821801 ] ],
    [ 551, [ 37, 113, 514229, 32365741, 1116312758369, 81732841953992698689344975060803302740241668791169597599462544177931137549619979352669 ] ],
    [ 552, [ 2, 2, 2, 2, 2, 3, 3, 7, 23, 23, 137, 139, 461, 691, 829, 4969, 16561, 18077, 28657, 162563, 253367, 275449, 1485571, 3365543, 1043766587, 4333249681, 9506372193863, 18423463609862225329 ] ],
    [ 553, [ 13, 157, 152629, 221201, 7998082133, 92180471494753, 147544951420273127375119897163559661, 2217500712416900346593531651772013170611413 ] ],
    [ 554, [ 1109, 5923369, 1003666289, 322458613167451, 3647646099535497480264359, 505471005740691524853293621, 6861121308187330908986328104917 ] ],
    [ 555, [ 2, 5, 61, 73, 149, 2221, 40719241, 49649320649221, 1459000305513721, 2992628320901882161, 196447231496394995461, 1702945513191305556907097618161 ] ],
    [ 556, [ 3, 277, 30859, 65609, 253279129, 2114537501, 14331800109223159, 85526722937689093, 63749871895972620649953899115136073800470980902829089 ] ],
    [ 557, [ 753249714226730309, 3936305209623645367566417846428600876161, 38424026796062313302715302133778417447831106326786049717713 ] ],
    [ 558, [ 2, 2, 2, 17, 19, 557, 2417, 11717, 63799, 2870911, 3010349, 35510749, 3599504551, 4531100550901, 594960058508093, 6279830532252706321, 3790399876570715374441 ] ],
    [ 559, [ 233, 1117, 14533, 23417629, 433494437, 433586113, 13631732633, 26093837057017247269531221521, 50367536565284352581745551379379797968496301 ] ],
    [ 560, [ 3, 5, 7, 7, 11, 13, 29, 41, 47, 71, 281, 911, 1601, 2161, 3041, 14503, 141961, 6135922241, 10745088481, 12317523121, 164154312001, 13264519466034652481, 118021448662479038881 ] ],
    [ 561, [ 2, 89, 373, 1597, 19801, 6376021, 32083440797931137, 10157807305963434099105034917037, 178990366429206972707092776889535507078451721820273 ] ],
    [ 562, [ 174221, 119468273, 20567460049, 46415343154434259, 55678135331080359350346681814561, 1142059735200417842620494388293215303693455057 ] ],
    [ 563, [ 10133, 6281953, 12158771296959377863294133, 1269110035567349575500939169, 2081300388105655483003686523880807573691414495497402129 ] ],
    [ 564, [ 2, 2, 2, 2, 3, 3, 563, 1129, 5641, 108289, 1435097, 79099591, 142017737, 183407723, 2971215073, 6643838879, 139509555271, 4632894751907, 1568243714391295376547405323 ] ],
    [ 565, [ 5, 677, 6781, 66199696261, 43583206934709081001, 272602401466814027129, 296465706730319961054054836347142604224829547038914771213521 ] ],
    [ 566, [ 1699, 10753, 825229, 15791401, 252605941501, 444111888848805843163235784298630863264881, 324238999448153864959724538289151678378314771 ] ],
    [ 567, [ 2, 13, 17, 53, 109, 421, 2269, 4373, 19441, 38933, 35239681, 13043111509, 49114912141, 3936504300121, 737066046375289, 955921950316735037, 27719393687911890721 ] ],
    [ 568, [ 3, 7, 283, 569, 6673, 2820403, 9799987, 35537616083, 46165371073, 688846502588399, 32165609929722273666211791549816223828923850302972185505601 ] ],
    [ 569, [ 36684474316080978061473613646275630451100586901195229815270242868417768061193560857904335017879540515228143777781065869 ] ],
    [ 570, [ 2, 2, 2, 5, 11, 31, 37, 61, 113, 191, 229, 571, 761, 797, 9349, 29641, 32491, 41611, 54833, 95419, 2069101, 67735001, 87382901, 119130001, 411677941, 956734616715046328502480330601 ] ],
    [ 571, [ 96041200618922553823942883360924865026104917411877067816822264789029014378308478864192589084185254331637646183008074629 ] ],
    [ 572, [ 3, 43, 89, 199, 233, 307, 521, 5147, 8581, 90481, 1957099, 2120119, 1784714380021, 2441129996120243, 1929584153756850496621, 13092861035652370656608696909281 ] ],
    [ 573, [ 2, 2670181, 4870723671313, 4817807925924421, 757810806256989128439975793, 2647636726625700578206493303064897960127281346289975589001 ] ],
    [ 574, [ 13, 29, 2789, 59369, 256579, 319973431, 370248451, 101731310703289, 10635841025639256246541, 198160071001853267796700692507490184570501064382201 ] ],
    [ 575, [ 5, 5, 1381, 3001, 28657, 66701, 2441738887963981, 7146831801094929757704917464134401, 190472643386469063104903418651151427035845600442812901 ] ],
    [ 576, [ 2, 2, 2, 2, 2, 2, 2, 2, 3, 3, 3, 7, 17, 19, 23, 47, 107, 769, 1087, 1103, 2207, 3167, 4481, 103681, 270143, 10749957121, 11862575248703, 25033626656641, 115561578124838522881, 1974737795746080149567 ] ],
    [ 577, [ 1153, 2309, 492757, 1698689, 1240154177, 623602466861153103077654700501274244965966824568046337088367841774743365709581415501808824921 ] ],
    [ 578, [ 577, 1597, 1733, 3571, 98837, 101232653, 878516651, 106205194357, 658078658277725444483848541, 795954394282744053474161101150396077552743674481 ] ],
    [ 579, [ 2, 9465278929, 28163700810443011860841849, 1020930432032326933976826008497, 8289138931615872207442447534793393710629452776043302729 ] ],
    [ 580, [ 3, 5, 11, 41, 59, 347, 5801, 19489, 52201, 96281, 514229, 1270083883, 120196353941, 1322154751061, 6854280100961, 372961972274566497161, 349619996930737079890201 ] ],
    [ 581, [ 13, 11621, 99194853094755497, 788239131009627610881100882530876317523981489465637246692263898989181928605068991418572396421985501 ] ],
    [ 582, [ 2, 2, 2, 193, 389, 3299, 3084989, 5496409, 361040209, 320657355925861, 56678557502141579, 4959318126280687189, 76674415738994499773, 227993117754975870677 ] ],
    [ 583, [ 89, 953, 55945741, 123741394530748822691747768873, 327556514659970602808808412671913, 160789645745967042205626217800354625754262223649 ] ],
    [ 584, [ 3, 7, 29201, 151549, 839207, 9375829, 86020717, 121355783, 2864461601, 11899937029, 4953066392881, 1045794092558661358680161, 37125857850184727260788881 ] ],
    [ 585, [ 2, 5, 17, 61, 233, 2341, 29717, 109441, 135721, 14736206161, 39589685693, 88999250837499877681, 624542923122551721493004981706558585672785333365378999981 ] ],
    [ 586, [ 287141, 64390759997, 118869391634972852522952098964476155238134997314729, 59605095029402530487010572214642235677583217188556211631 ] ],
    [ 587, [ 3080261369, 68813279412758805317599642284042748702283526031784172082377923203997639746119565355079473949305498271312930207457 ] ],
    [ 588, [ 2, 2, 2, 2, 3, 3, 13, 29, 83, 97, 211, 281, 293, 421, 587, 1427, 3529, 5881, 65269, 620929, 6168709, 8844991, 599786069, 347502052673, 61025309469041, 1150184101339307, 190773791763188929 ] ],
    [ 589, [ 37, 113, 557, 2417, 3533, 23561, 1484249136401, 2746348619173417, 881811033467161969, 329494171307160256522327331830805885950208245718541385789949 ] ],
    [ 590, [ 5, 11, 353, 709, 1181, 8969, 12391, 35401, 75521, 160481, 336419, 552241, 737501, 335838031, 2710260697, 99979884881, 8287296987284891561, 11209692506253906608469121 ] ],
    [ 591, [ 2, 4729, 15761, 25795969, 227150265697, 22221540969737, 717185107125886549, 6556208367360005292317, 15918569172424565344075680728122279296922081 ] ],
    [ 592, [ 3, 7, 47, 73, 149, 2221, 11987, 10661921, 15400289, 19088449, 54018521, 81143477963, 77894162661647, 89311781152481, 754276330346432303, 114087288048701953998401 ] ],
    [ 593, [ 3557, 3164852861, 1143800237963593361, 4315428922959401898689, 36595087477983000594301, 1870472540460619021455611995016462930553956393761 ] ],
    [ 594, [ 2, 2, 2, 17, 19, 53, 89, 109, 197, 199, 593, 991, 2179, 4157, 5779, 9901, 19801, 1513909, 220862269, 1360418597, 18546805133, 1369471729429, 137096217949680001, 12369243068750242280033 ] ],
    [ 595, [ 5, 13, 1597, 2381, 9521, 141961, 3415914041, 8310112721, 9022425301, 2535918135079561, 61859474392640261, 159512939815855788121, 4651115729702571326164661 ] ],
    [ 596, [ 3, 110557, 162709, 952111, 4000949, 4434539, 85607646594577, 222448929009201481, 271293387891105049, 3263039535803245519, 1048397584307975025515107529 ] ],
    [ 597, [ 2, 397, 1193, 55092353, 1226244816494972899766403949, 436782169201002048261171378550055269633, 932699779426192039767669517873373284542762481 ] ],
    [ 598, [ 139, 233, 461, 521, 599, 28657, 2233531, 1194215681621, 143236388738249, 40197222522537856361, 20569928772342752084634853420271392820560402848605171521 ] ],
    [ 599, [ 4304994428485397, 15854002189757265085147013538609001743503630207353895959962201140747030321340200746820524754308402582035485933 ] ],
    [ 600, [ 2, 2, 2, 2, 2, 3, 3, 5, 5, 7, 11, 23, 31, 41, 61, 101, 151, 241, 401, 601, 1201, 2161, 2521, 3001, 12301, 18451, 20641, 570601, 9125201, 148669201, 230686501, 5738108801, 9602982001, 1599014169601, 87129547172401 ] ]
]
