c:\sys\ut\rpn\rpn.py -l100 -a150 -E 1 300 range heptanacci factor 1 enumerate -s1
[
    [ 1, [ 0 ] ],
    [ 2, [ 0 ] ],
    [ 3, [ 0 ] ],
    [ 4, [ 0 ] ],
    [ 5, [ 0 ] ],
    [ 6, [ 1 ] ],
    [ 7, [ 1 ] ],
    [ 8, [ 2 ] ],
    [ 9, [ 2, 2 ] ],
    [ 10, [ 2, 2, 2 ] ],
    [ 11, [ 2, 2, 2, 2 ] ],
    [ 12, [ 2, 2, 2, 2, 2 ] ],
    [ 13, [ 2, 2, 2, 2, 2, 2 ] ],
    [ 14, [ 127 ] ],
    [ 15, [ 11, 23 ] ],
    [ 16, [ 2, 2, 2, 3, 3, 7 ] ],
    [ 17, [ 2, 2, 251 ] ],
    [ 18, [ 2, 2, 2, 2, 5, 5, 5 ] ],
    [ 19, [ 2, 2, 2, 2, 3, 83 ] ],
    [ 20, [ 2, 2, 2, 2, 2, 2, 2, 2, 31 ] ],
    [ 21, [ 2, 2, 2, 2, 2, 2, 13, 19 ] ],
    [ 22, [ 31489 ] ],
    [ 23, [ 5, 5, 13, 193 ] ],
    [ 24, [ 2, 62473 ] ],
    [ 25, [ 2, 2, 2, 53, 587 ] ],
    [ 26, [ 2, 2, 2, 2, 2, 15493 ] ],
    [ 27, [ 2, 2, 2, 2, 61723 ] ],
    [ 28, [ 2, 2, 2, 2, 2, 5, 5, 2459 ] ],
    [ 29, [ 2, 2, 2, 2, 2, 2, 2, 2, 15307 ] ],
    [ 30, [ 5, 1561139 ] ],
    [ 31, [ 5, 11, 282703 ] ],
    [ 32, [ 2, 2, 2, 2, 2, 3, 3, 41, 43, 61 ] ],
    [ 33, [ 2, 2, 2, 5, 97, 15901 ] ],
    [ 34, [ 2, 2, 2, 2, 3, 227, 11279 ] ],
    [ 35, [ 2, 2, 2, 2, 5, 5, 612011 ] ],
    [ 36, [ 2, 2, 2, 2, 2, 2, 2, 2, 2, 3, 3, 3, 5, 5, 17, 83 ] ],
    [ 37, [ 2, 2, 2, 2, 2, 2, 2, 2, 1427, 2659 ] ],
    [ 38, [ 3, 113, 1493, 3823 ] ],
    [ 39, [ 167, 23079631 ] ],
    [ 40, [ 2, 5, 13, 13, 47, 163, 593 ] ],
    [ 41, [ 2, 2, 5, 43, 17783201 ] ],
    [ 42, [ 2, 2, 2, 317, 2207, 5443 ] ],
    [ 43, [ 2, 2, 2, 2, 2, 17, 101, 757, 1459 ] ],
    [ 44, [ 2, 2, 2, 2, 2, 2, 11, 11, 11, 13, 17, 6421 ] ],
    [ 45, [ 2, 2, 2, 2, 2, 2, 2, 3, 5, 125410319 ] ],
    [ 46, [ 3, 3, 233, 228727087 ] ],
    [ 47, [ 19, 4337, 11594567 ] ],
    [ 48, [ 2, 2, 2, 59, 293, 13761617 ] ],
    [ 49, [ 2, 2, 4999, 189590899 ] ],
    [ 50, [ 2, 2, 2, 2, 2, 3, 1451, 2161, 25087 ] ],
    [ 51, [ 2, 2, 2, 2, 2, 179, 2293, 1145293 ] ],
    [ 52, [ 2, 2, 2, 2, 2, 2, 2, 2, 2, 2, 5, 5, 929, 1259939 ] ],
    [ 53, [ 2, 2, 2, 2, 2, 2, 2, 5, 17, 23, 263, 906931 ] ],
    [ 54, [ 1637, 72630590573 ] ],
    [ 55, [ 23, 641, 16064378107 ] ],
    [ 56, [ 2, 5, 11, 19, 29, 1579, 4929523 ] ],
    [ 57, [ 2, 2, 2, 2, 101, 581529141671 ] ],
    [ 58, [ 2, 2, 2, 2, 2, 2, 2, 5, 5, 19, 30788660047 ] ],
    [ 59, [ 2, 2, 2, 2, 2, 3, 4177, 9299084359 ] ],
    [ 60, [ 2, 2, 2, 2, 2, 2, 116058632770229 ] ],
    [ 61, [ 2, 2, 2, 2, 2, 2, 2, 2, 1699, 34017751793 ] ],
    [ 62, [ 3, 131, 151, 677, 733605053 ] ],
    [ 63, [ 5, 37, 1087, 139241, 2096687 ] ],
    [ 64, [ 2, 2, 2, 2, 2, 2, 2, 3, 5, 1979, 14759, 2085353 ] ],
    [ 65, [ 2, 2, 2, 2, 28894703, 503879683 ] ],
    [ 66, [ 2, 2, 2, 2, 2, 197, 73608910324517 ] ],
    [ 67, [ 2, 2, 2, 2, 2, 11, 11, 4620943, 51660923 ] ],
    [ 68, [ 2, 2, 2, 2, 2, 2, 2, 2, 2, 3, 5, 239744376741557 ] ],
    [ 69, [ 2, 2, 2, 2, 2, 2, 2, 2, 149, 523, 183849839519 ] ],
    [ 70, [ 2857, 282103, 9064727663 ] ],
    [ 71, [ 13, 15817, 232919, 303865819 ] ],
    [ 72, [ 2, 11923, 1215682661400587 ] ],
    [ 73, [ 2, 2, 3, 5, 59, 16312255996301833 ] ],
    [ 74, [ 2, 2, 2, 17, 37, 1103, 20724433774907 ] ],
    [ 75, [ 2, 2, 2, 2, 14320571967707888671 ] ],
    [ 76, [ 2, 2, 2, 2, 2, 14263033317289914991 ] ],
    [ 77, [ 2, 2, 2, 2, 2, 2, 3, 7, 31, 93701, 232883229389 ] ],
    [ 78, [ 17, 414431, 3056951, 84088247 ] ],
    [ 79, [ 3, 1202500331699762640719 ] ],
    [ 80, [ 2, 2, 2, 7, 11, 19, 193, 51061, 62302726061 ] ],
    [ 81, [ 2, 2, 13, 275274620320821661627 ] ],
    [ 82, [ 2, 2, 2, 2, 4159, 1965701, 217984032569 ] ],
    [ 83, [ 2, 2, 2, 2, 7, 29, 163, 38921621, 2756373259 ] ],
    [ 84, [ 2, 2, 2, 2, 2, 2, 2, 2, 3, 5, 13, 14983, 1086913, 139170107 ] ],
    [ 85, [ 2, 2, 2, 2, 2, 2, 3, 1173800796766259756047 ] ],
    [ 86, [ 109, 229, 727, 24738921682453607 ] ],
    [ 87, [ 101, 283, 31286060136065637347 ] ],
    [ 88, [ 2, 3, 3, 3, 5, 31, 212821135115516536097 ] ],
    [ 89, [ 2, 2, 2, 200771, 25802219, 85619702653 ] ],
    [ 90, [ 2, 2, 2, 2, 2, 3, 3, 3, 3, 17, 4723, 33962637167827903 ] ],
    [ 91, [ 2, 2, 2, 2, 11, 103, 11287, 1471529, 46761405359 ] ],
    [ 92, [ 2, 2, 2, 2, 2, 7, 7, 89, 9103, 35933, 46351, 13255409 ] ],
    [ 93, [ 2, 2, 2, 2, 2, 2, 2, 2, 2, 5, 43, 59, 123479, 69661739993663 ] ],
    [ 94, [ 2838858259, 39199964445717989 ] ],
    [ 95, [ 3, 3, 43, 43, 13320836258734245321961 ] ],
    [ 96, [ 2, 2, 2, 2, 2, 3, 3, 37, 139, 2281, 89671, 1457491827943 ] ],
    [ 97, [ 2, 2, 2, 7, 13, 225223, 13298599, 403388913233 ] ],
    [ 98, [ 2, 2, 2, 2, 5, 149, 1307, 23813, 4722691097856959 ] ],
    [ 99, [ 2, 2, 2, 2, 218130824344547679795999029 ] ],
    [ 100, [ 2, 2, 2, 2, 2, 2, 2, 2, 2, 2, 3, 3, 673, 1720984099, 651304626953 ] ],
    [ 101, [ 2, 2, 2, 2, 2, 2, 2, 2, 2, 11, 83, 29625066994540464520967 ] ],
    [ 102, [ 3, 3, 3, 17, 15399523, 3902668414270323329 ] ],
    [ 103, [ 3, 3, 5, 7, 109, 491, 15442249, 211073660161517 ] ],
    [ 104, [ 2, 3, 3, 26827508333909, 226668839251229 ] ],
    [ 105, [ 2, 2, 229, 988525957, 240792325534800779 ] ],
    [ 106, [ 2, 2, 2, 19, 131, 14389, 918209, 1650899663906293 ] ],
    [ 107, [ 2, 2, 2, 2, 2, 2, 7, 11, 1531, 9572251903, 11979239282767 ] ],
    [ 108, [ 2, 2, 2, 2, 2, 2, 2, 5, 2692717562797796300623900171 ] ],
    [ 109, [ 2, 2, 2, 2, 2, 2, 2, 2, 457, 29342434226820460864123009 ] ],
    [ 110, [ 179, 214615949, 10161248017, 17517485129 ] ],
    [ 111, [ 61, 1373, 14149, 141079, 1774609, 45911786303 ] ],
    [ 112, [ 2, 2, 2, 5337077, 635482264016507925104819 ] ],
    [ 113, [ 2, 2, 5, 13, 13, 15990487992304296549557928877 ] ],
    [ 114, [ 2, 2, 2, 2, 2, 2, 4253, 395534699536230160187433487 ] ],
    [ 115, [ 2, 2, 2, 2, 2, 2, 5, 47, 1201, 11872731067522280992557461 ] ],
    [ 116, [ 2, 2, 2, 2, 2, 2, 2, 2, 2, 2, 2, 2, 3, 3, 3, 5, 149, 383, 881, 15366265587599708207 ] ],
    [ 117, [ 2, 2, 2, 2, 2, 2, 2, 2, 11, 131, 347371103, 6640593513212290729 ] ],
    [ 118, [ 7, 242151976825950486328725404399543 ] ],
    [ 119, [ 3, 29, 214607, 180844144237187506545833189 ] ],
    [ 120, [ 2, 23, 41, 3566214214973718879781466181743 ] ],
    [ 121, [ 2, 2, 2, 2, 2, 3, 3, 75437333, 8964672011, 68788751132869 ] ],
    [ 122, [ 2, 2, 2, 2, 2, 2, 2, 2, 2, 29, 778553, 2308639011767898515490497 ] ],
    [ 123, [ 2, 2, 2, 2, 2, 2, 3, 331693, 14549549442749, 57372875890859 ] ],
    [ 124, [ 2, 2, 2, 2, 2, 2, 2, 3, 7, 52609, 22801783, 32841055635659654707 ] ],
    [ 125, [ 2, 2, 2, 2, 2, 2, 2, 2, 2, 19, 40663957, 1393179761, 382751058114367 ] ],
    [ 126, [ 3, 852589, 19460645921, 8441508333448154729 ] ],
    [ 127, [ 3, 3, 3, 5, 7, 11, 53, 59, 20071, 2261617, 567256350626435971 ] ],
    [ 128, [ 2, 2, 2, 2, 2, 2, 2, 2, 2, 19, 3926501, 43648775660845014479019479 ] ],
    [ 129, [ 2, 2, 2, 2, 2, 13, 44483, 39122227, 4587455880896492638273 ] ],
    [ 130, [ 2, 2, 2, 2, 2, 2, 7, 7, 23, 56941, 1610776989862407629536970471 ] ],
    [ 131, [ 2, 2, 2, 2, 2, 2, 5, 1235281, 33337281739553021971209043261 ] ],
    [ 132, [ 2, 2, 2, 2, 2, 2, 2, 2, 2, 2, 229, 643, 27941, 21148759, 294614561249842409 ] ],
    [ 133, [ 2, 2, 2, 2, 2, 2, 2, 2, 2, 102126634569358730130015137196752627 ] ],
    [ 134, [ 5, 1367, 9294512399027, 1639552696398854543641 ] ],
    [ 135, [ 5, 1399, 1759536030812737, 16857227758942059899 ] ],
    [ 136, [ 2, 3, 68881455557515948617946297181283314443 ] ],
    [ 137, [ 2, 2, 317, 2608631, 248887559860684388701345448891 ] ],
    [ 138, [ 2, 2, 2, 3, 3, 13, 53, 6449161, 5125800335489564166897199121 ] ],
    [ 139, [ 2, 2, 2, 2, 31, 6585920352424826183928885043310094931 ] ],
    [ 140, [ 2, 2, 2, 2, 2, 809, 130295589217, 1929085447280395541587909 ] ],
    [ 141, [ 2, 2, 2, 2, 2, 2, 267647, 1181322828757, 640545901305857439359 ] ],
    [ 142, [ 3, 2518729, 3416961126287743076927159829330349 ] ],
    [ 143, [ 13, 73, 12527, 115051693436609, 37602607213477406663 ] ],
    [ 144, [ 2, 2, 2, 127, 3329, 4217, 27398647, 603918877, 434097181147067 ] ],
    [ 145, [ 2, 2, 3, 5, 18433, 184518555613938476609532614963882509 ] ],
    [ 146, [ 2, 2, 2, 2, 3, 292777, 44372196391, 651898118735327332920397 ] ],
    [ 147, [ 2, 2, 2, 2, 19, 19, 709701582607, 5024498506283, 39314675599993 ] ],
    [ 148, [ 2, 2, 2, 2, 2, 2, 2, 2, 3, 3, 179, 114761, 3505668619, 4258053623, 2283074520721 ] ],
    [ 149, [ 2, 2, 2, 2, 2, 2, 5, 5, 139, 171005587, 549212441, 153825375354634226851 ] ],
    [ 150, [ 239, 747739081, 35813517637469994916414690629143 ] ],
    [ 151, [ 3, 3, 43, 449, 90197, 2851662371, 285252188480248333837993 ] ],
    [ 152, [ 2, 7, 2747582282377, 660205707125242554462681895639 ] ],
    [ 153, [ 2, 2, 2, 37, 37, 727, 3150671, 5601437504681, 360005510851970891 ] ],
    [ 154, [ 2, 2, 2, 2, 2, 293, 5892839, 38047721, 47934726165235918396674119 ] ],
    [ 155, [ 2, 2, 2, 2, 179, 179, 6841, 6444587399, 52936432271, 167767248094871 ] ],
    [ 156, [ 2, 2, 2, 2, 2, 17, 31, 179, 32159, 1545067, 2665757580308308501420849207 ] ],
    [ 157, [ 2, 2, 2, 2, 2, 2, 2, 2, 3, 3, 1511, 19861, 1786117, 6578867, 980294569566908396377 ] ],
    [ 158, [ 31, 47, 71, 2092891, 5568166759, 32080792829, 41022804688561 ] ],
    [ 159, [ 7, 61, 631, 44633, 2648917, 99208081388993671359448072193 ] ],
    [ 160, [ 2, 2, 2, 2, 2, 3, 5, 7, 211, 218047, 40722871519724908074776653980272923 ] ],
    [ 161, [ 2, 2, 2, 1567479189986522649108455457470441771581542757 ] ],
    [ 162, [ 2, 2, 2, 2, 7, 223025887526901046025062962797572019340642173 ] ],
    [ 163, [ 2, 2, 2, 2, 1931, 91511960557, 17598461845735340135428650101929 ] ],
    [ 164, [ 2, 2, 2, 2, 2, 2, 2, 2, 2, 3, 3, 3, 5, 5, 11, 11, 131, 699646750437839, 25859917451287397931769 ] ],
    [ 165, [ 2, 2, 2, 2, 2, 2, 2, 2, 3, 3, 7, 5023418749, 2436901563484311079439989109615909 ] ],
    [ 166, [ 23, 17099033993538780200713605752804099462389434023 ] ],
    [ 167, [ 47, 3331, 141196519, 13815303277, 2565216568078563298963127 ] ],
    [ 168, [ 2, 94644013, 245860966649, 325716032357, 102946267523703553 ] ],
    [ 169, [ 2, 2, 777112697240204770891880525863363134786413428463 ] ],
    [ 170, [ 2, 2, 2, 17, 41, 179, 181, 379, 90434042260422284653222023162735552893 ] ],
    [ 171, [ 2, 2, 2, 2, 2, 262147, 7967887206011, 184530859568968377923053809497 ] ],
    [ 172, [ 2, 2, 2, 2, 2, 2, 1041983, 22893139, 16093208138444511673406474922042677 ] ],
    [ 173, [ 2, 2, 2, 2, 2, 2, 2, 101, 701, 1291, 25819, 11627672495701147, 13933566570700841041 ] ],
    [ 174, [ 3, 167, 18060038904877, 6748876927332167, 1596480879085160441 ] ],
    [ 175, [ 23, 23, 661, 2687, 112074433, 472123669, 3906124159289776878671251 ] ],
    [ 176, [ 2, 2, 2, 11, 4395740249461796522304851316135161522389717980341 ] ],
    [ 177, [ 2, 2, 757, 985418197, 258237776182729209722296365372314938229 ] ],
    [ 178, [ 2, 2, 2, 2, 2, 5, 5, 5, 101, 1187, 3200705129734900598968596223772378101442951 ] ],
    [ 179, [ 2, 2, 2, 2, 2, 2393, 102541141, 37327155944081, 10431422947266281703947317 ] ],
    [ 180, [ 2, 2, 2, 2, 2, 2, 2, 2, 2, 2, 3, 13, 599, 254594736193516030206894401028595853536399427 ] ],
    [ 181, [ 2, 2, 2, 2, 2, 2, 2, 19, 4988371208230162972750936671296010642349429067951 ] ],
    [ 182, [ 5, 154181, 220020659, 142475286546116469274229417845529682931 ] ],
    [ 183, [ 17, 47, 60247441903802726822463612500819138215762970954291 ] ],
    [ 184, [ 2, 5, 77104820909, 1239750424777, 100311591439981012803005926057 ] ],
    [ 185, [ 2, 2, 2, 2, 7, 89, 157, 1022761, 119334661737136045701992715427140987004171 ] ],
    [ 186, [ 2, 2, 2, 2, 2, 2, 2, 257, 163249, 49194638897, 14535956001871, 99077485490092291219 ] ],
    [ 187, [ 2, 2, 2, 2, 2, 157037, 134743338619385143, 1119314761758923812532304338741 ] ],
    [ 188, [ 2, 2, 2, 2, 2, 2, 97, 359, 8834319199003, 206237736169249, 371796806474122012259 ] ],
    [ 189, [ 2, 2, 2, 2, 2, 2, 2, 2, 5, 23, 773400225771593224120243, 132078600896533304841100789 ] ],
    [ 190, [ 3, 5, 17, 347, 397, 1013, 51647, 183243432233, 17787420139359260055562549109 ] ],
    [ 191, [ 7, 11, 17, 59, 34549, 4472089398751996635381351268444443128804365859 ] ],
    [ 192, [ 2, 2, 2, 2, 2, 2, 2, 3, 245726813, 3600877003, 69956340825345377830009107910836007 ] ],
    [ 193, [ 2, 2, 2, 2, 31, 3986296669, 2085742735051, 324947823274573, 35332552087740979 ] ],
    [ 194, [ 2, 2, 2, 2, 2, 3, 331, 9754674504718051057, 304277746886336362429006690932947 ] ],
    [ 195, [ 2, 2, 2, 2, 2, 13, 9421, 335557, 142858830895979738033649428663977194914795483 ] ],
    [ 196, [ 2, 2, 2, 2, 2, 2, 2, 2, 2, 557153, 38354917, 34204226662179761772853520843510829823273 ] ],
    [ 197, [ 2, 2, 2, 2, 2, 2, 2, 2, 7, 613, 405767, 252029707, 6635900217841433866764557835129968753 ] ],
    [ 198, [ 5861, 56909, 52892398471789, 84170978686739276694246420935837189 ] ],
    [ 199, [ 3, 985981093154993497025415019240882506676910084446871925179 ] ],
    [ 200, [ 2, 3, 3, 83, 290837, 147389573, 620618626829, 25339894901549, 5850254243692483 ] ],
    [ 201, [ 2, 2, 11, 17, 1531, 1375019, 10803696773, 689914105027998644028686521413603371 ] ],
    [ 202, [ 2, 2, 2, 7, 7, 73, 379, 1069, 3229, 9973, 14370636710497, 22296589025101, 195434071823147 ] ],
    [ 203, [ 2, 2, 2, 2, 5, 29, 18289, 449437, 180991126867141247689, 13493105090175590819004367 ] ],
    [ 204, [ 2, 2, 2, 2, 2, 11, 17, 2293, 6760858447738009451678622462530471253038516628649757 ] ],
    [ 205, [ 2, 2, 2, 2, 2, 2, 3251, 4817, 6389, 28858418888946415810181206661619426263938022753 ] ],
    [ 206, [ 3, 47, 479, 60062893655577451, 90740185273121807555911332333231912367 ] ],
    [ 207, [ 3, 3, 7, 23, 31, 53, 44293, 14655229, 474469623239293921847223291464325294700991 ] ],
    [ 208, [ 2, 2, 2, 3, 3, 3, 3, 107, 21065162416490642766845349079274677550521670517407259701 ] ],
    [ 209, [ 2, 2, 614167, 52896948007, 541918010441, 13723805515297, 3010370155739141423 ] ],
    [ 210, [ 2, 2, 2, 2, 37, 4761808411, 5839473943, 352062122183874351863548883971540504159 ] ],
    [ 211, [ 2, 2, 2, 2, 364657946988043, 1978620547682811206172218799482828350356477241 ] ],
    [ 212, [ 2, 2, 2, 2, 2, 2, 2, 2, 41, 14867, 274469467351, 4614009860649017, 116367039884586194198704403 ] ],
    [ 213, [ 2, 2, 2, 2, 2, 2, 7, 15826921922685877, 298286741075025497, 21658222612537523766017339 ] ],
    [ 214, [ 431, 1847, 983246731589, 116575178090716244971895319783037364656046101 ] ],
    [ 215, [ 11, 67, 443689363442130809, 555837428357477157157768255723757678266429 ] ],
    [ 216, [ 2, 17, 149, 231834351692288699371, 308271125656011717711375989622898938223 ] ],
    [ 217, [ 2, 2, 2, 3, 5, 41, 1550819, 18270233, 1017529695307483, 5084402866691207012723572387223 ] ],
    [ 218, [ 2, 2, 2, 2, 2, 647, 1973, 958936801, 8708961834901, 2377923013753571, 1770938052966046793 ] ],
    [ 219, [ 2, 2, 2, 2, 3, 3049, 19553375650875521489196832308433402883664852824708792192147 ] ],
    [ 220, [ 2, 2, 2, 2, 2, 23, 67, 177823, 476369, 17423242082107, 78322929202050224590483854591721057 ] ],
    [ 221, [ 2, 2, 2, 2, 2, 2, 2, 2, 2, 2, 3, 3, 3, 19, 40093, 2675706586769549, 201492598857805354924615679920376259841 ] ],
    [ 222, [ 5, 173, 113691431624999, 1615539973885764367291, 142365067718064139411726859 ] ],
    [ 223, [ 643, 70070553066099502056536361921927262567552542421600285452822211 ] ],
    [ 224, [ 2, 2, 2, 2, 2, 3, 353, 5231, 180317, 16082387891, 174586308465107622982450518447660410403773 ] ],
    [ 225, [ 2, 2, 2, 3, 23, 387579235657, 32306346497937613, 25865575651909793240030739832879543 ] ],
    [ 226, [ 2, 2, 2, 2, 67, 5387, 45137, 8336101, 9092657357430707, 18024484708528934149334714053451 ] ],
    [ 227, [ 2, 2, 2, 2, 23, 123923, 3417544126338571, 4551544185047900873172913183759794590561807 ] ],
    [ 228, [ 2, 2, 2, 2, 2, 2, 2, 2, 2, 2, 2, 5, 13, 23, 311, 482423, 1391287, 2851423, 775382945821778392393265091024317133337 ] ],
    [ 229, [ 2, 2, 2, 2, 2, 2, 2, 2, 2, 2, 7, 701, 75583, 164203859, 1486470617, 30363781585748142463618964783300941493 ] ],
    [ 230, [ 887, 5023, 9806546039, 128325908047312932371848295238260943546112539211183 ] ],
    [ 231, [ 11, 463, 3239003, 11311891, 1318904096269, 45380083285335989458254645124406214361 ] ],
    [ 232, [ 2, 13, 29, 1619, 38179251919189, 237421291819182000839, 2010550560691316246087057129 ] ],
    [ 233, [ 2, 2, 493169, 1620932329, 639734600012773, 21664133084423155979359950101698061351 ] ],
    [ 234, [ 2, 2, 2, 11, 283, 148470368093, 23874508270330476857534793854864535701200386138429389 ] ],
    [ 235, [ 2, 2, 2, 2, 2, 2, 2, 3, 3, 6316354771870813, 24166060718334689195546248281214367951532924347083 ] ],
    [ 236, [ 2, 2, 2, 2, 2, 2, 2, 2, 11, 4846823, 67822417690314227673923, 378393185850584772804384291123657929 ] ],
    [ 237, [ 2, 2, 2, 2, 2, 2, 2, 2, 2, 164431, 1304609, 6883797530779758151, 922838693198227405028291735247374257 ] ],
    [ 238, [ 5, 89, 3123269283989694725011361734055670364500365085292793404294737092203 ] ],
    [ 239, [ 13, 17, 1460483, 8577528889270829473081037780799882497579382701517037919783683 ] ],
    [ 240, [ 2, 2, 2, 3, 13, 13, 31, 453053, 18947352812373426079, 5109463543048220793013052366965108851697 ] ],
    [ 241, [ 2, 2, 73, 197, 134207, 13244219, 21690685265417166960487, 4953248919124604487592482634279 ] ],
    [ 242, [ 2, 2, 2, 2, 2, 2, 2, 3, 53, 281, 1087, 575693, 26040560926411, 27123600704876379211, 8656931275606561934807 ] ],
    [ 243, [ 2, 2, 2, 2, 2, 2, 2, 3, 5, 8244556897, 2753648700097870085947918992353483669143531415348736505201 ] ],
    [ 244, [ 2, 2, 2, 2, 2, 2, 2, 2, 2, 2, 2, 2, 2, 2, 840611, 6304397703387658509619610555982124344040961125615949692548901 ] ],
    [ 245, [ 2, 2, 2, 2, 2, 2, 2, 2, 2, 3, 23, 367, 1164899, 11451615296551393423871144313406384125238883929819114556263 ] ],
    [ 246, [ 7, 20121713, 21395527, 114323546392353100767120652614361124118894870230592828577 ] ],
    [ 247, [ 3, 1237, 2861, 3169, 7879422233, 2588676432475236601808936304340534836783007852823527 ] ],
    [ 248, [ 2, 3, 17, 197, 23688727, 413444927323, 6484566001019, 7010369818619, 152804832934256946226451 ] ],
    [ 249, [ 2, 2, 2, 2, 2, 2, 197, 15927883, 13560071956613071359441192460399794120430999659245577961621133 ] ],
    [ 250, [ 2, 2, 2, 2, 2, 2, 2, 2, 2, 2, 2, 5, 5, 13, 17, 18534617, 7309108073, 1116521804131549723223053, 3169350979459896319464533 ] ],
    [ 251, [ 2, 2, 2, 2, 2, 2, 2, 5, 11, 83, 31541, 970469, 59281760399, 10190613695123938164199938527225841289790851163 ] ],
    [ 252, [ 2, 2, 2, 2, 2, 2, 2, 2, 3, 409, 19162876041663563225739579988927, 3575737403219498412377668094970034429 ] ],
    [ 253, [ 2, 2, 2, 2, 2, 2, 2, 2, 2, 2, 3, 3, 3, 3, 5, 7, 229, 596286001249, 17361702597073, 598341883924140107, 10411361612869889718857 ] ],
    [ 254, [ 7, 7, 89, 19583386955995066251533878664126812117009433431704737194011849593831111 ] ],
    [ 255, [ 191, 1531, 581764025508903486771833775647562066112043573176453335158959568727373 ] ],
    [ 256, [ 2, 2, 2, 2, 2, 2, 2, 2, 2, 2, 2, 2, 2, 2, 7, 19, 757201, 7416809, 76479155966965406573, 362071222108948936225527518811801163 ] ],
    [ 257, [ 2, 2, 2, 2, 2, 2, 53, 9900251, 1699889697134087508063843739, 11824851242886285153874853935172567209 ] ],
    [ 258, [ 2, 2, 2, 2, 2, 2, 2, 3, 11, 79, 795071, 31788396431741218043, 159431624240578053937858705891577424970829743 ] ],
    [ 259, [ 2, 2, 2, 2, 2, 2, 2, 11, 34685118609307, 54844829947430241057308074344645727662008310704000352140993 ] ],
    [ 260, [ 2, 2, 2, 2, 2, 2, 2, 2, 2, 2, 2, 5, 111347, 496497103, 11084646062671, 850248814119971168958122293199726062309981703 ] ],
    [ 261, [ 2, 2, 2, 2, 2, 2, 2, 2, 2, 2, 5, 37013, 8577228856254719, 40790244445057321, 292521287275801009, 547973503532266921 ] ],
    [ 262, [ 3, 277, 85196807932919, 28664384024676526716307, 10431797711710679812819844273177284163 ] ],
    [ 263, [ 5, 7, 7, 9497, 737194551372151623989288931919, 24585158170406906662903233538474076717899 ] ],
    [ 264, [ 2, 7, 13, 17, 433, 2076955119571313, 21478160093382481, 1405583922604285379229877380240105574163 ] ],
    [ 265, [ 2, 2, 19, 2600821, 52000874293, 16279310293680210126744637149849627072629984243984923053763 ] ],
    [ 266, [ 2, 2, 2, 31, 67, 593, 689317, 1163627, 176093039, 540563651, 443046435367340999906899408190384839543663 ] ],
    [ 267, [ 2, 2, 2, 2, 5, 101, 25703, 80473, 4086072469, 6816401941260350941, 1426353372254253145082010385825845871 ] ],
    [ 268, [ 2, 2, 2, 2, 2, 3, 3, 3, 3, 5, 53, 896949284388674986826028867394577789, 2146676133221749611681846194769437717 ] ],
    [ 269, [ 2, 2, 2, 2, 2, 2, 5, 31, 71, 4733, 14717, 53699593684136263420068128663559952546700136406124470885268595061 ] ],
    [ 270, [ 13, 255440605946762190194267, 2027665166305533655723279, 779379206097345712793066152399 ] ],
    [ 271, [ 3, 12209063461841217213637, 285401509205787928305810560463534162220260473598402596147 ] ],
    [ 272, [ 2, 2, 2, 23, 83, 113, 5443, 141789659935813, 24673484868699929818948019, 633656146626149514603345989551 ] ],
    [ 273, [ 2, 2, 3, 98906474715077797779582461420132303, 34947568016744123841634199750027391167248343 ] ],
    [ 274, [ 2, 2, 2, 2, 810544335458284041087230229649171, 6371001364469323712563500144024502010800933207 ] ],
    [ 275, [ 2, 2, 2, 2, 3, 3, 3, 191, 6803, 625109, 1022389, 57409843, 4980903283346801, 1604360684712632726732177325212589613 ] ],
    [ 276, [ 2, 2, 2, 2, 2, 2, 2, 2, 3, 3, 3, 7, 241030577, 28112120275900544855896099719055795844512603558890393711692903215531 ] ],
    [ 277, [ 2, 2, 2, 2, 2, 2, 5704542662209, 4437096156831581510334992714917, 403133968195164759657431063904755363 ] ],
    [ 278, [ 7, 7, 29, 2976671, 38369530500989, 8015288689415664831645318923627199330244437702370835300599 ] ],
    [ 279, [ 5, 7552814061532633, 14309491480690797409523, 4795226203171466300415972359245630967027443 ] ],
    [ 280, [ 2, 3, 503, 11857039, 41277097, 49536787, 12079768859, 13133062841, 193120760840921, 2302541944411208471987 ] ],
    [ 281, [ 2, 2, 2, 3, 5, 239074511727101, 1399658502955158587786033689, 256058114216150102263604929129208757581 ] ],
    [ 282, [ 2, 2, 2, 2, 2, 11, 499, 1770994409, 65840979332612459273379007074670611024268577228419112924221462931869 ] ],
    [ 283, [ 2, 2, 2, 2, 797, 1509749, 11137823, 145509853, 5132229563, 1644511061890423, 154924309011474211412731271955109 ] ],
    [ 284, [ 2, 2, 2, 2, 2, 59, 6709, 482347, 1968061554787, 255909481503508749467, 26410420713713606133403979494946561431 ] ],
    [ 285, [ 2, 2, 2, 2, 2, 2, 2, 2, 7, 28048726841, 229217562403861, 63880167149427373289078593, 219956182673054916009237057901 ] ],
    [ 286, [ 7, 181, 1627, 55957225987769068483, 134107208750764407771479143, 20845404459589214142239984991491 ] ],
    [ 287, [ 3, 43, 151, 32975976474947002997712129556635566009288007196046490449867828061936033676509103 ] ],
    [ 288, [ 2, 2, 2, 2, 2, 3, 5, 1597, 162787897, 124012434463, 640697467649, 129050396607308055709554117566957513844402019859 ] ],
    [ 289, [ 2, 2, 2, 3, 5, 13, 643, 12622285179378354628176610263939203, 201304655691494019076838191895412486702340571 ] ],
    [ 290, [ 2, 2, 2, 2, 61, 193, 11074159, 260444803, 2596996091, 3598355221043730420767728461783728992201695965387191397 ] ],
    [ 291, [ 2, 2, 2, 2, 709, 4127, 14983, 45141043796801, 319388571271613114646642862216276200537058635095710198295863 ] ],
    [ 292, [ 2, 2, 2, 2, 2, 2, 2, 2, 2, 3, 3, 3, 304661983, 13455271142345059, 17139166917778074530809229, 20741387787484556390377538356519 ] ],
    [ 293, [ 2, 2, 2, 2, 2, 2, 2, 2, 5, 5, 5, 353, 32124872519, 277695330797, 398216102234762495000754152380222824591031595769616231003 ] ],
    [ 294, [ 3, 31, 421, 1357147217452760224229239270610131, 1504329646800449259806542793004714138237777664523 ] ],
    [ 295, [ 3, 3, 3, 7, 7, 19, 383, 25557881, 647112046884895766668664486571913440323228070899906457615475210777796191 ] ],
    [ 296, [ 2, 3, 262675031, 56917649947, 42769599205614014539336990463, 82669610693669681749627833602242796257 ] ],
    [ 297, [ 2, 2, 3, 3, 3, 11, 4211, 1993857881569, 985807373358079, 747309102345000447267767, 85978801780726371000019508909 ] ],
    [ 298, [ 2, 2, 2, 19, 769, 952811, 408036778951, 484067536531, 57210951854361178405166749640742014295836460421082117 ] ],
    [ 299, [ 2, 2, 2, 2, 2, 3, 5, 23, 67, 236897, 141723211339, 100948120816712244758781597827759432785651868872525575303419506223 ] ],
    [ 300, [ 2, 2, 2, 2, 2, 2, 3, 17, 233, 919, 1129, 316493, 980439679, 3262210772964122809, 27054342898988988827, 231086549736955944999931 ] ]
]
