c:\sys\ut\rpn\rpn.py -l100 -a150 -E 1 300 range hexanacci factor 1 enumerate -s1
[
    [ 1, [ 0 ] ],
    [ 2, [ 0 ] ],
    [ 3, [ 0 ] ],
    [ 4, [ 0 ] ],
    [ 5, [ 1 ] ],
    [ 6, [ 1 ] ],
    [ 7, [ 2 ] ],
    [ 8, [ 2, 2 ] ],
    [ 9, [ 2, 2, 2 ] ],
    [ 10, [ 2, 2, 2, 2 ] ],
    [ 11, [ 2, 2, 2, 2, 2 ] ],
    [ 12, [ 3, 3, 7 ] ],
    [ 13, [ 5, 5, 5 ] ],
    [ 14, [ 2, 2, 2, 31 ] ],
    [ 15, [ 2, 2, 3, 41 ] ],
    [ 16, [ 2, 2, 2, 2, 61 ] ],
    [ 17, [ 2, 2, 2, 2, 11, 11 ] ],
    [ 18, [ 2, 2, 2, 2, 2, 2, 2, 2, 3, 5 ] ],
    [ 19, [ 3, 2539 ] ],
    [ 20, [ 29, 521 ] ],
    [ 21, [ 2, 3, 3, 3, 3, 5, 37 ] ],
    [ 22, [ 2, 2, 2, 3, 2477 ] ],
    [ 23, [ 2, 2, 2, 2, 2, 5, 11, 67 ] ],
    [ 24, [ 2, 2, 2, 2, 3, 11, 443 ] ],
    [ 25, [ 2, 2, 2, 2, 2, 3, 3, 3, 3, 179 ] ],
    [ 26, [ 3, 139, 2207 ] ],
    [ 27, [ 337, 5417 ] ],
    [ 28, [ 2, 2, 2, 2, 2, 113159 ] ],
    [ 29, [ 2, 2, 2, 7, 47, 2729 ] ],
    [ 30, [ 2, 2, 2, 2, 397, 2243 ] ],
    [ 31, [ 2, 2, 2, 2, 13, 83, 1637 ] ],
    [ 32, [ 2, 2, 2, 2, 2, 2, 2, 2, 2, 103, 1063 ] ],
    [ 33, [ 19, 5852443 ] ],
    [ 34, [ 3, 5, 7, 1327, 1583 ] ],
    [ 35, [ 2, 1303, 167887 ] ],
    [ 36, [ 2, 2, 61, 3556739 ] ],
    [ 37, [ 2, 2, 2, 113, 1904249 ] ],
    [ 38, [ 2, 2, 2, 2, 2, 3, 3, 19, 19, 32843 ] ],
    [ 39, [ 2, 2, 2, 2, 2, 2, 5, 21166199 ] ],
    [ 40, [ 13435170943 ] ],
    [ 41, [ 26649774581 ] ],
    [ 42, [ 2, 2, 2, 5, 1321550891 ] ],
    [ 43, [ 2, 2, 26214056741 ] ],
    [ 44, [ 2, 2, 2, 2, 2, 18979, 342469 ] ],
    [ 45, [ 2, 2, 2, 2, 2, 5, 557, 4629347 ] ],
    [ 46, [ 2, 2, 2, 2, 2, 2, 2, 2, 2, 2, 5, 5, 29, 29, 38011 ] ],
    [ 47, [ 79, 89, 383, 617, 977 ] ],
    [ 48, [ 3, 3, 357769598437 ] ],
    [ 49, [ 2, 313, 10202860601 ] ],
    [ 50, [ 2, 2, 2, 2, 3, 3, 3, 3, 19, 41, 641, 19577 ] ],
    [ 51, [ 2, 2, 2, 2, 2, 2, 2, 37, 5306220329 ] ],
    [ 52, [ 2, 2, 2, 2, 2, 23, 151, 7457, 60149 ] ],
    [ 53, [ 2, 2, 2, 2, 2, 2, 139, 64969, 171079 ] ],
    [ 54, [ 5, 7, 5603765567861 ] ],
    [ 55, [ 8089, 48095396633 ] ],
    [ 56, [ 2, 2, 2, 2, 2, 2, 2, 3, 2009636291647 ] ],
    [ 57, [ 2, 2, 2, 2, 3, 13, 467, 35521, 147881 ] ],
    [ 58, [ 2, 2, 2, 2, 2, 1511, 3557, 17654323 ] ],
    [ 59, [ 2, 2, 2, 2, 2, 3, 127, 22003, 22451371 ] ],
    [ 60, [ 2, 2, 2, 2, 2, 2, 2, 2, 2, 7, 43, 149, 520268267 ] ],
    [ 61, [ 3, 7, 229, 773, 2207, 2888443 ] ],
    [ 62, [ 199, 2011, 122509, 958777 ] ],
    [ 63, [ 2, 13, 3586144164967381 ] ],
    [ 64, [ 2, 2, 13, 13, 61, 838003, 5352163 ] ],
    [ 65, [ 2, 2, 2, 3, 3, 3, 3, 566143822884457 ] ],
    [ 66, [ 2, 2, 2, 2, 3, 29, 89, 277231, 21187567 ] ],
    [ 67, [ 2, 2, 2, 2, 2, 71, 1567, 53891, 7523309 ] ],
    [ 68, [ 5, 13, 137, 4909, 65497670339 ] ],
    [ 69, [ 3, 7, 29, 29, 316153, 1017163001 ] ],
    [ 70, [ 2, 2, 2, 5, 281639460796784059 ] ],
    [ 71, [ 2, 2, 53, 53, 1988804565567031 ] ],
    [ 72, [ 2, 2, 2, 2, 14366333, 192836069407 ] ],
    [ 73, [ 2, 2, 2, 2, 2957107, 1858307173693 ] ],
    [ 74, [ 2, 2, 2, 2, 2, 2, 2, 2, 43, 43, 109, 257, 13152804683 ] ],
    [ 75, [ 3, 3, 139, 359, 733, 1050871173601 ] ],
    [ 76, [ 3, 67, 195372803, 17474123087 ] ],
    [ 77, [ 2, 29, 127, 52009, 1369183, 2594981 ] ],
    [ 78, [ 2, 2, 2, 3, 3, 13, 13, 31, 101, 70868619552151 ] ],
    [ 79, [ 2, 2, 2, 2, 2, 5, 7, 10501, 455363172409891 ] ],
    [ 80, [ 2, 2, 2, 2, 19, 1831, 19085124640984201 ] ],
    [ 81, [ 2, 2, 2, 2, 2, 13, 17, 24164761, 123305519041 ] ],
    [ 82, [ 43, 483727, 2009503794507827 ] ],
    [ 83, [ 23, 419, 1451, 5929235319464159 ] ],
    [ 84, [ 2, 2, 2, 2, 2, 3, 1217, 70321, 20017574449757 ] ],
    [ 85, [ 2, 2, 2, 3, 5, 5, 543697573288372940753 ] ],
    [ 86, [ 2, 2, 2, 2, 5, 41, 2053, 96093983081236577 ] ],
    [ 87, [ 2, 2, 2, 2, 3, 47, 347, 12154171, 134901077713 ] ],
    [ 88, [ 2, 2, 2, 2, 2, 2, 2, 2, 2, 2, 5, 5, 173, 574875243366784543 ] ],
    [ 89, [ 937, 188955367, 28524050414207 ] ],
    [ 90, [ 3, 2551, 1308966850296112789541 ] ],
    [ 91, [ 2, 3, 13, 2971, 85745917208349373309 ] ],
    [ 92, [ 2, 2, 3, 3, 19, 52798231, 1091404084005071 ] ],
    [ 93, [ 2, 2, 2, 9772853856642008330869361 ] ],
    [ 94, [ 2, 2, 2, 2, 2, 2, 5, 7, 13, 13, 41, 34267, 146921, 1984646647 ] ],
    [ 95, [ 2, 2, 2, 2, 2, 2, 2, 5, 73, 6584294443138500880499 ] ],
    [ 96, [ 610186256014622144673892607 ] ],
    [ 97, [ 937171, 4722269, 273491101671059 ] ],
    [ 98, [ 2, 2, 2, 5, 7, 29, 53, 1193, 606607, 7708739107219 ] ],
    [ 99, [ 2, 2, 881, 2703809, 499806088289000281 ] ],
    [ 100, [ 2, 2, 2, 2, 2, 2, 199, 396209903, 1871998161256763 ] ],
    [ 101, [ 2, 2, 2, 2, 2, 2, 3, 9554183, 32413289, 315134718467 ] ],
    [ 102, [ 2, 2, 2, 2, 2, 2, 2, 2, 2, 2, 2, 2, 949531159, 9556421844222529 ] ],
    [ 103, [ 3, 5, 347, 239731, 1828681, 32309626747991 ] ],
    [ 104, [ 147487, 12620663857, 78565020122291 ] ],
    [ 105, [ 2, 17, 19, 199, 599, 226649, 1549157, 10728866791 ] ],
    [ 106, [ 2, 2, 2, 2, 2, 3, 5, 5, 7, 34249684286025571663041991 ] ],
    [ 107, [ 2, 2, 2, 2, 2, 2, 2, 2, 2, 11, 32971, 111956029, 54900202467317 ] ],
    [ 108, [ 2, 2, 2, 2, 2, 2, 23, 61, 523, 48208898314607718274289 ] ],
    [ 109, [ 2, 2, 2, 2, 2, 2, 2, 67, 1493690881, 350567282533379507 ] ],
    [ 110, [ 39093433, 227857546984943207583863 ] ],
    [ 111, [ 7, 23, 1019, 19237, 3359509589, 1666496019547 ] ],
    [ 112, [ 2, 2, 2, 2, 2, 2, 2, 2, 2, 2, 2, 2, 5, 2843, 8988781, 66966916538258777 ] ],
    [ 113, [ 2, 2, 2, 2, 2, 5, 101, 174929, 33657469, 730690789429441 ] ],
    [ 114, [ 2, 2, 2, 2, 2, 2, 3, 3, 3, 19, 4200212485060996963009398557 ] ],
    [ 115, [ 2, 2, 2, 2, 2, 2, 1549, 5136082319, 537224210570136811 ] ],
    [ 116, [ 2, 2, 2, 2, 2, 2, 2, 2, 2, 2, 3, 176623332971152854313338266023 ] ],
    [ 117, [ 7, 13, 23, 83, 6133, 104309, 124979, 5705237, 13582097 ] ],
    [ 118, [ 3, 7, 23, 61, 167, 235889, 1839368935761534374833 ] ],
    [ 119, [ 2, 13, 19, 179, 2361407, 538054159, 37691506672973 ] ],
    [ 120, [ 2, 2, 37, 3087486299, 18382471696812797629919 ] ],
    [ 121, [ 2, 2, 2, 521, 8287, 482387399006632053609042647 ] ],
    [ 122, [ 2, 2, 2, 2, 5, 17, 5217859, 139787899, 33317355432590633 ] ],
    [ 123, [ 2, 2, 2, 2, 2, 2048668604447415710535539654418797 ] ],
    [ 124, [ 5, 5, 5, 5, 208061639456970308106668595866287 ] ],
    [ 125, [ 2424663071, 106382692748567088407848963 ] ],
    [ 126, [ 2, 2, 2, 3, 7, 601, 218849, 1270156169827, 18230025570073 ] ],
    [ 127, [ 2, 2, 1321, 15727, 262296497, 46560954759537521461 ] ],
    [ 128, [ 2, 2, 2, 2, 5, 2791, 102481, 108791, 270056183, 2994560798419 ] ],
    [ 129, [ 2, 2, 2, 2, 5, 7, 37351242043, 190910878049629436462293 ] ],
    [ 130, [ 2, 2, 2, 2, 2, 2, 2, 2, 3, 97, 2917, 10199072557357, 3573913430560349 ] ],
    [ 131, [ 239, 911, 66689387679697, 1082060214046415729 ] ],
    [ 132, [ 187181, 428601703, 388471466012459322488767 ] ],
    [ 133, [ 2, 5, 17, 19, 29, 59, 11185942728140747048845918418153 ] ],
    [ 134, [ 2, 2, 2, 3, 5639, 906070791011946269161273181017159 ] ],
    [ 135, [ 2, 2, 2, 2, 2, 59149, 87192649, 1473833937816817159553609 ] ],
    [ 136, [ 2, 2, 2, 2, 3, 1143780751, 8175769004617, 1074888755799571 ] ],
    [ 137, [ 2, 2, 2, 2, 2, 3, 3, 181, 167482569407137, 109618995714799618211 ] ],
    [ 138, [ 5, 23, 313, 11243, 74483116987, 62978832930518533157 ] ],
    [ 139, [ 3, 1652843, 3133033, 1129289533, 214636735030231429 ] ],
    [ 140, [ 2, 2, 2, 2, 2, 11, 13, 181, 1021, 204224056429, 43249420772799033077 ] ],
    [ 141, [ 2, 2, 2, 251, 906601, 8138567455726651204585062283399 ] ],
    [ 142, [ 2, 2, 2, 2, 137, 425977, 31473968984363769067195968261419 ] ],
    [ 143, [ 2, 2, 2, 2, 13567, 177696017, 1511287378200555680328859369 ] ],
    [ 144, [ 2, 2, 2, 2, 2, 2, 2, 2, 2, 223, 1329219632759, 761916411543746214870199 ] ],
    [ 145, [ 431, 11052686060617236403, 48148652589262823669 ] ],
    [ 146, [ 5, 13, 13, 17, 151, 14375957, 350290153, 41651659980937676359 ] ],
    [ 147, [ 2, 13, 31, 2027, 552384061521967673399539249887027401 ] ],
    [ 148, [ 2, 2, 3, 19, 32491, 1137863, 212369611193808555057526492643 ] ],
    [ 149, [ 2, 2, 2, 5737, 57220529, 1352084738195779251643065736577 ] ],
    [ 150, [ 2, 2, 2, 2, 2, 5, 7, 79, 59735701901, 155636134739, 8562319668016379 ] ],
    [ 151, [ 2, 2, 2, 2, 2, 2, 3, 433, 6082877, 27626962791970503902572834737127 ] ],
    [ 152, [ 283, 1609, 1787, 34057644962596455022706316420727039 ] ],
    [ 153, [ 11, 19, 107, 139, 179, 98794801783011982828429831666857919 ] ],
    [ 154, [ 2, 2, 2, 23, 12517, 55234721, 857140651169738683809731276029 ] ],
    [ 155, [ 2, 2, 17, 75687660060608083, 42024125447896346856443663 ] ],
    [ 156, [ 2, 2, 2, 2, 2, 3, 3, 3, 41, 61, 149, 11279, 50398786237, 2344113534858257381917 ] ],
    [ 157, [ 2, 2, 2, 2, 2, 13, 6044663, 169824491, 950209966291, 2097239533976339 ] ],
    [ 158, [ 2, 2, 2, 2, 2, 2, 2, 2, 2, 2, 5, 5, 41, 109, 461, 479, 4063757634119, 16442549145260199491 ] ],
    [ 159, [ 13, 17, 2944000883, 5601967963, 918677793461846119180181 ] ],
    [ 160, [ 23, 359, 530533, 1516176303975063669536441587934758121 ] ],
    [ 161, [ 2, 5, 5, 23, 23, 19387, 639491, 7143060929, 5624444784447170972473 ] ],
    [ 162, [ 2, 2, 2, 2, 3, 3, 13, 103, 4273, 31718242634824310878260962983234726771 ] ],
    [ 163, [ 2, 2, 2, 2, 2, 2, 2, 3, 3, 5, 2707, 20768753178643, 160071589672859002809021233 ] ],
    [ 164, [ 2, 2, 2, 2, 2, 7, 45887, 1083992696628571, 9228300452238380489253581 ] ],
    [ 165, [ 2, 2, 2, 2, 2, 2, 19, 37, 9783889, 7358151248403877, 62968099016646453701 ] ],
    [ 166, [ 11, 173, 212592365262481502804425722951766690591120241 ] ],
    [ 167, [ 5, 83, 293, 2417, 319201, 46610615758381, 183525047184282824543 ] ],
    [ 168, [ 2, 2, 2, 2, 2, 2, 2, 5, 7, 47, 272810821, 1003160360107, 27623538615505390246747 ] ],
    [ 169, [ 2, 2, 2, 2, 18600129343, 2360198420641, 4495241408762479303360969 ] ],
    [ 170, [ 2, 2, 2, 2, 2, 8461, 54773, 3451756356116502481, 122351554117848749699 ] ],
    [ 171, [ 2, 2, 2, 2, 2, 5, 971309, 87307566474536501, 915606547829273818113059 ] ],
    [ 172, [ 2, 2, 2, 2, 2, 2, 2, 2, 2, 13, 149, 283, 1511, 58108281311828745322303308891800527777 ] ],
    [ 173, [ 5, 97, 131, 769353300001948078851958999400156097073072079 ] ],
    [ 174, [ 5, 7, 8463320212343, 351404308069677353, 931479496700122549 ] ],
    [ 175, [ 2, 5, 7, 31, 64019, 277094437, 4996237963934510162259470576907643 ] ],
    [ 176, [ 2, 2, 3, 83, 32609, 11746083015907873500470085720368697691594397 ] ],
    [ 177, [ 2, 2, 2, 853, 79229, 1399642224365935137271268198841179014067977 ] ],
    [ 178, [ 2, 2, 2, 2, 3, 229714253, 136132365715708779724115562595264360913021 ] ],
    [ 179, [ 2, 2, 2, 2, 2, 7, 23, 103, 421, 2089, 6379803464878718043958369859576630400961 ] ],
    [ 180, [ 3, 3, 11, 35891803294759, 1662113912700005914868526909329134723 ] ],
    [ 181, [ 17, 239, 1877, 909477145627, 1689035262470946729825226990459013 ] ],
    [ 182, [ 2, 2, 2, 3, 61, 83, 6947, 18495431214541, 1488370370296262355753268124653 ] ],
    [ 183, [ 2, 2, 3, 7, 83, 6089, 12539, 1675449713299, 51682633581040318545570004897 ] ],
    [ 184, [ 2, 2, 2, 2, 5, 2707971282377, 3172294900645636303, 133040857980914006741 ] ],
    [ 185, [ 2, 2, 2, 2, 13, 17, 4363, 14723, 100561843, 12332893745633, 643800010530373076021 ] ],
    [ 186, [ 2, 2, 2, 2, 2, 2, 2, 2, 34330213, 389116529, 105195503226519953158934603772310739 ] ],
    [ 187, [ 7, 7, 17, 179, 1063, 14087, 97542161, 2182169787607631, 1501457135803793269 ] ],
    [ 188, [ 3, 3, 5, 17, 17, 73243, 99191297, 13560928453, 1104725884571893045753561519 ] ],
    [ 189, [ 2, 3, 467943153631729939619609363172312457115890175952765683 ] ],
    [ 190, [ 2, 2, 2, 3, 3, 3, 3, 5, 8426586730669, 203984884040697344095768998391442101081 ] ],
    [ 191, [ 2, 2, 2, 2, 2, 5, 536173925214607003309, 128771383592545240243777542517141 ] ],
    [ 192, [ 2, 2, 2, 2, 7, 43, 83, 54818961918771627252063000997600043599840321230023 ] ],
    [ 193, [ 2, 2, 2, 2, 2, 5, 273582893, 992971539240252603392987515504615911432108809 ] ],
    [ 194, [ 3, 3, 5944811428379, 1611444942790030859918936213600640067227077 ] ],
    [ 195, [ 3, 3, 7, 178987, 300556965416713486769, 50461199779602643175695374581 ] ],
    [ 196, [ 2, 2, 2, 2, 2, 3, 5, 706733232825128301408440185603224305126788269783684449 ] ],
    [ 197, [ 2, 2, 2, 3, 5, 11, 53, 108013, 266351, 949037, 352276594101041792793018346540148593 ] ],
    [ 198, [ 2, 2, 2, 2, 5, 7, 19, 5527, 75131577813158043179, 302095207584370721763993469361 ] ],
    [ 199, [ 2, 2, 2, 2, 3, 7, 13, 1675719304057, 361712800888269650520800671150608859765921 ] ],
    [ 200, [ 2, 2, 2, 2, 2, 2, 2, 2, 2, 2, 2, 2541914209, 1008805132581635177163133751769311713412565871 ] ],
    [ 201, [ 47, 3929, 564029261, 100015416002698756594227966332064130717198979 ] ],
    [ 202, [ 5, 19, 491, 607, 372597013, 6201625921, 315834877412930199815002676054783 ] ],
    [ 203, [ 2, 5, 5, 5, 7, 7, 3517, 2365952389603483, 402100576837696893718826886684623107 ] ],
    [ 204, [ 2, 2, 5, 82963, 1209083, 5590969, 7248395040693875803461715470978971301191 ] ],
    [ 205, [ 2, 2, 2, 5, 14783, 21061, 225575916613, 756944798713, 75838781137694215273205539 ] ],
    [ 206, [ 2, 2, 2, 2, 2, 2, 2, 31, 31, 53, 49067163990746604909813249751286791213845671723319931 ] ],
    [ 207, [ 2, 2, 2, 2, 2, 2, 2, 2, 3, 17, 1409, 38603, 9664973, 3592678644077, 3957372911893, 6502529659122331 ] ],
    [ 208, [ 5, 251727618020671057301239498934824256156890738038089178578227 ] ],
    [ 209, [ 5, 43, 6089, 26641943, 71581514887078933467804820121234880989241356557 ] ],
    [ 210, [ 2, 2, 2, 3, 5, 31, 827, 33937, 202755349, 9689397943, 24144073595876964193566440647087 ] ],
    [ 211, [ 2, 2, 5, 63453321419, 7740473800638533156261914215986701646487053432119 ] ],
    [ 212, [ 2, 2, 2, 2, 2, 2, 2, 3, 3, 5, 11, 2357, 1863271, 48347769294099482749, 1448355013561508266108487939 ] ],
    [ 213, [ 2, 2, 2, 2, 2, 2, 2, 13, 9739, 375204056007941, 6356490098532408434499102760765987458461 ] ],
    [ 214, [ 2, 2, 2, 2, 2, 2, 2, 2, 2, 2, 2, 2, 2, 2, 7, 11, 241, 142897, 277199771, 431344145873701, 14758266102610294849787071 ] ],
    [ 215, [ 3, 3, 16897045140290512702063337013021068142559187369624366414867513 ] ],
    [ 216, [ 13, 871661821807480853, 40138383635150064049, 663211976995988939722109 ] ],
    [ 217, [ 2, 10057033799, 11284774682164650432683903, 2636095640140565369805512137 ] ],
    [ 218, [ 2, 2, 2, 2, 2, 2, 3, 103357, 1359529, 20566729, 7815142341042301, 273698606215099459698455009 ] ],
    [ 219, [ 2, 2, 2, 2, 2, 2, 2, 2, 2, 2, 2, 3, 19, 154585499032849, 24687692872424807501, 5284459584254632436193043 ] ],
    [ 220, [ 2, 2, 2, 2, 2, 2, 2, 1643539, 23183092921741, 957510688461636220312963249584626218712039 ] ],
    [ 221, [ 2, 2, 2, 2, 2, 2, 2, 2, 5, 71, 1765898698717974375901, 57719323011414149194239512021024522023 ] ],
    [ 222, [ 2311571, 27585654833398436860780469, 288147689582996539478741871786737 ] ],
    [ 223, [ 3, 3, 17389, 18539, 47477593, 1820227649, 145357752261473230420644463194466931599 ] ],
    [ 224, [ 2, 2, 2, 2, 2, 2, 2, 2, 2, 2, 17, 128599, 32293855220142256061935560672223266626463887934427691453 ] ],
    [ 225, [ 2, 2, 2, 2, 2, 2, 7, 13, 9739, 241354161274045076357, 10475293102479114695260226334886717033 ] ],
    [ 226, [ 2, 2, 2, 2, 2, 2, 2, 5, 295247, 1743756033451309, 863288308450112223962160699430534350262379 ] ],
    [ 227, [ 2, 2, 2, 2, 2, 2, 2, 23, 375918912192884113171, 509830029602201648574868933820527861417573 ] ],
    [ 228, [ 2, 2, 2, 2, 2, 2, 2, 2, 2, 2, 2, 13177, 232523, 178359119944654274608480802939465093408928000598445683 ] ],
    [ 229, [ 3, 5, 428525929364069149333997, 345374059578922895837943219162090902328523 ] ],
    [ 230, [ 3, 137, 353, 94151, 591508793, 545011610008749370214516177561426517180907574237 ] ],
    [ 231, [ 2, 5, 7, 5631828871, 45084111714701221230041, 491459528186370759872601468706789 ] ],
    [ 232, [ 2, 2, 7, 1619, 56087, 6814625888006059318459723293671077699902844115456007900491 ] ],
    [ 233, [ 2, 2, 2, 3, 3, 191, 221047, 1294169, 2241431, 3068567, 1270155775182879500629196179063670762089 ] ],
    [ 234, [ 2, 2, 2, 2, 7, 7, 86954834673782963373626790332338830480733123337564420023932612521 ] ],
    [ 235, [ 2, 2, 2, 2, 2, 3, 523, 8447, 2038943, 156379434623773133438869832566915117716601917858206873 ] ],
    [ 236, [ 3, 157, 2674490063447744269201, 212935752677247882223285497853408841955588553 ] ],
    [ 237, [ 3, 3, 53, 73, 107, 142802499629327292184763032724301672511928123309586282955974859 ] ],
    [ 238, [ 2, 2, 2, 13, 19, 127, 457052558527, 9201409605216067154939653850865371841415323258702329 ] ],
    [ 239, [ 2, 2, 3, 37, 61, 2269, 10963868143, 6050627453656947776678309, 513511287691923863740947319 ] ],
    [ 240, [ 2, 2, 2, 2, 3, 7, 29, 1058203, 37750717, 55579679184431, 191939496951823956847527052909775230837 ] ],
    [ 241, [ 2, 2, 2, 2, 7, 17, 4326087063130635121103183751202152469328058219362602181131711823543 ] ],
    [ 242, [ 2, 2, 2, 2, 2, 2, 2, 2, 5, 179651332653726730702271, 71051316607888102750414269396893739299987021 ] ],
    [ 243, [ 29, 12484536602192813, 805798347675935067347, 111087729066439214059019549978963 ] ],
    [ 244, [ 41, 76943, 20377938970831847611604328474891126181162179711408113549640487667 ] ],
    [ 245, [ 2, 3, 17, 17, 5182640186930514805054828606621, 14189380055747520077250651607742933759 ] ],
    [ 246, [ 2, 2, 2, 3, 3, 3, 7, 11, 223, 1021, 1283, 211802781089, 245799230980440989887536577556094584482725321337 ] ],
    [ 247, [ 2, 2, 2, 2, 2, 3, 5, 7, 397, 557, 6203, 2793718813712381, 38966805726696703853834518680221975443061803 ] ],
    [ 248, [ 2, 2, 2, 2, 7, 5867, 579757, 158906593, 75780320197877, 364211204049547, 595638603386269987429373 ] ],
    [ 249, [ 2, 2, 2, 2, 2, 11, 919, 1018447, 483563671, 876965641, 1483169843, 33459828293029, 284719688049343901593 ] ],
    [ 250, [ 3, 5, 797, 58237, 14146325447528993, 397578662868803811919349069465868114830933811337 ] ],
    [ 251, [ 926590940610486622390768949320171327, 8382577604022847927219088814507924487 ] ],
    [ 252, [ 2, 2, 2, 2, 2, 59990083141, 75848587878763386848855857, 105813001536488634410987249569219483 ] ],
    [ 253, [ 2, 2, 2, 5, 167, 584849, 8101114913, 483250537351103, 1998154045707513487049087417505078076381 ] ],
    [ 254, [ 2, 2, 2, 2, 5, 5, 5, 17, 72497, 180415873020211, 11889035339039174857, 11465588417715414122830993877617 ] ],
    [ 255, [ 2, 2, 2, 2, 1231, 1553, 1541731, 7878736706268352610297, 323632644512382567646246366245724461647 ] ],
    [ 256, [ 2, 2, 2, 2, 2, 2, 2, 2, 2, 4373, 37505561, 162506053294789, 60181061734237713943, 290430923852790228867954379 ] ],
    [ 257, [ 11, 13, 1097, 22868347, 65969951, 1857889147157, 1076029788550023853836311682777351399435199 ] ],
    [ 258, [ 41, 151, 74898451, 2023878307483014825297051188027059687516110953779740204185038013 ] ],
    [ 259, [ 2, 3, 7, 581863, 626623, 121560370527792743174452909167931591262576683539661032822556093 ] ],
    [ 260, [ 2, 2, 333701, 2766312395141838612907304195461549802666105247256471839321867426829627 ] ],
    [ 261, [ 2, 2, 2, 59, 90363461, 23623230313, 17557410867923547411702343, 414032520001486933224245286097 ] ],
    [ 262, [ 2, 2, 2, 2, 2, 5, 7109, 219075959849012477023, 1000578093729840012341, 58270024180598590665269998349 ] ],
    [ 263, [ 2, 2, 2, 2, 2, 2, 19, 1303, 2113, 5721798763, 3643565538804043195969707799, 412888796793248138957235161519 ] ],
    [ 264, [ 3, 10223, 3541782654544148243750614448911, 526257833044941954946129671330803158959317 ] ],
    [ 265, [ 2141, 7942184667760177423, 6668279431855345763093266469970696097532148427957606711 ] ],
    [ 266, [ 2, 2, 2, 11, 69152357, 70755379, 522362102119587686115139048315238967346069854020463637193243 ] ],
    [ 267, [ 2, 2, 3, 61, 609480821390029061948360328707797008292296676364138645468381595963191865203 ] ],
    [ 268, [ 2, 2, 2, 2, 2, 1061, 2521, 10667, 13178197, 30242112964272871, 2432051901101710128067168737526848409259207 ] ],
    [ 269, [ 2, 2, 2, 2, 2, 3, 3, 3, 3, 3, 3, 3, 3, 3, 13, 29, 71, 3547, 4016317, 687768607, 2352848533207716353969, 4516534702678147213257513083 ] ],
    [ 270, [ 2, 2, 2, 2, 2, 2, 2, 2, 2, 2, 11, 543241, 2490679, 3891733, 58705146650487802011705970987091225262971958250503883979 ] ],
    [ 271, [ 43, 283, 29531, 30271, 98779, 69528366394657784657041, 92445555167884267720283293490755834351 ] ],
    [ 272, [ 11, 29, 197, 15467, 13784269, 45423099259487987, 22511236155370613184940066612291640219827538563 ] ],
    [ 273, [ 2, 3, 11, 811, 1171, 37171, 219629, 345175381, 5595237010169459, 27497883681403198380464940728923842761 ] ],
    [ 274, [ 2, 2, 2, 2, 3, 23, 1613, 722168754357516883, 926634404409163337, 45234831050331721931036459327297188333 ] ],
    [ 275, [ 2, 2, 2, 2, 2, 2, 2, 17, 17, 19, 709, 66413, 4051337, 3071585453323, 6631118307878102459, 39153029861759842182032243159 ] ],
    [ 276, [ 2, 2, 2, 2, 2, 5, 7, 34819, 24355476359, 224512725526279, 994608823967421737584006531052530120323926121329 ] ],
    [ 277, [ 2, 2, 2, 2, 2, 2, 52712689, 83443109719680307, 24858342080733171533, 60119695477426858935440548237738943 ] ],
    [ 278, [ 3, 5, 131, 157, 30689, 48407, 8735107213601, 208450791774572859807769425794071761637584024137143873 ] ],
    [ 279, [ 23554001565585611777, 70276568149031651224943027091656576409695543000579488403480753 ] ],
    [ 280, [ 2, 2, 2, 2, 2, 2, 2, 13, 67876550997811, 1658462980489163, 38085263560057645639129, 460245713606890741259379737 ] ],
    [ 281, [ 2, 2, 2, 2, 139, 179, 239, 401468699, 58927621559, 2893474194860580869367867184366971772644036584677244539 ] ],
    [ 282, [ 2, 2, 2, 2, 2, 3, 7, 7, 11159, 2238756408017, 109932686716498561326471378853212264612551585853819924499774793 ] ],
    [ 283, [ 2, 2, 2, 2, 2, 7, 458747, 4620682810330733022529, 53969600756993980717025612906711065417960642991167301 ] ],
    [ 284, [ 2, 2, 2, 2, 2, 2, 2, 2, 2, 3, 281, 98778851, 3317258179, 359406710860803431669727134202780135897562339846951532880229 ] ],
    [ 285, [ 3, 23, 16860203, 27004889, 3470077477, 924876716980677557464641679014734648754076956070507430227 ] ],
    [ 286, [ 6641433781, 610502842812187146228929, 1616694885923015611943053, 30510550661462520015706849 ] ],
    [ 287, [ 2, 5, 265541095627, 375450880413367694323668991, 397917575047230660907597786712328969811120073 ] ],
    [ 288, [ 2, 2, 3, 7, 2307080773, 150213868271, 2039266904044765776956147, 13255684153883223793869761830957395721 ] ],
    [ 289, [ 2, 2, 2, 3, 7, 17, 17, 46145551560233, 4609229293957411, 151151826188825566876734964996730450026992477100687 ] ],
    [ 290, [ 2, 2, 2, 2, 7, 109, 42757531, 4234775003, 1400688426920362841882072982563853267083740667231224291285798973 ] ],
    [ 291, [ 2, 2, 2, 2, 2, 107, 36775694511423347, 48773590227871463825279783762680134837146133691949205150810751831 ] ],
    [ 292, [ 7, 1740330244434013480873973696878776515634062975415864601158285314322955500831248142217 ] ],
    [ 293, [ 3, 5, 356143383157266015847, 4523388733500028454238907929247328159583254876629691699672394757 ] ],
    [ 294, [ 2, 2, 2, 5, 7, 499, 547, 469631, 1335450313332672737433860357759600853201512008847664712856122066754467019 ] ],
    [ 295, [ 2, 2, 7, 5867, 42690803, 13557271525351767405413550942080881288171802834621433821097086929795220777 ] ],
    [ 296, [ 2, 2, 2, 2, 5, 5, 5, 7, 11, 19, 108545831, 60941766812221, 9743804690938531067795701317564303081704628337376493526883 ] ],
    [ 297, [ 2, 2, 2, 2, 7, 7, 29, 1451, 8435347, 376971636843079, 653917741499940767, 5453372989985424296578233834348797114723 ] ],
    [ 298, [ 2, 2, 2, 2, 2, 2, 2, 2, 3, 17096087677, 56516311610109388653966251257059432683009414810217620587434191013712591153 ] ],
    [ 299, [ 1091, 15091, 24803749032018188598136439, 3604308969703557586213625054197482095653706292123405983 ] ],
    [ 300, [ 277855193039, 4268282157613, 4821786614824013, 510567102027395948557339814876193035247685136899 ] ]
]
