c:\sys\ut\rpn\rpn.py -l100 -a150 -E 1 500 range lucas factor 1 enumerate -s1
[
    [ 1, [ 1 ] ],
    [ 2, [ 3 ] ],
    [ 3, [ 2, 2 ] ],
    [ 4, [ 7 ] ],
    [ 5, [ 11 ] ],
    [ 6, [ 2, 3, 3 ] ],
    [ 7, [ 29 ] ],
    [ 8, [ 47 ] ],
    [ 9, [ 2, 2, 19 ] ],
    [ 10, [ 3, 41 ] ],
    [ 11, [ 199 ] ],
    [ 12, [ 2, 7, 23 ] ],
    [ 13, [ 521 ] ],
    [ 14, [ 3, 281 ] ],
    [ 15, [ 2, 2, 11, 31 ] ],
    [ 16, [ 2207 ] ],
    [ 17, [ 3571 ] ],
    [ 18, [ 2, 3, 3, 3, 107 ] ],
    [ 19, [ 9349 ] ],
    [ 20, [ 7, 2161 ] ],
    [ 21, [ 2, 2, 29, 211 ] ],
    [ 22, [ 3, 43, 307 ] ],
    [ 23, [ 139, 461 ] ],
    [ 24, [ 2, 47, 1103 ] ],
    [ 25, [ 11, 101, 151 ] ],
    [ 26, [ 3, 90481 ] ],
    [ 27, [ 2, 2, 19, 5779 ] ],
    [ 28, [ 7, 7, 14503 ] ],
    [ 29, [ 59, 19489 ] ],
    [ 30, [ 2, 3, 3, 41, 2521 ] ],
    [ 31, [ 3010349 ] ],
    [ 32, [ 1087, 4481 ] ],
    [ 33, [ 2, 2, 199, 9901 ] ],
    [ 34, [ 3, 67, 63443 ] ],
    [ 35, [ 11, 29, 71, 911 ] ],
    [ 36, [ 2, 7, 23, 103681 ] ],
    [ 37, [ 54018521 ] ],
    [ 38, [ 3, 29134601 ] ],
    [ 39, [ 2, 2, 79, 521, 859 ] ],
    [ 40, [ 47, 1601, 3041 ] ],
    [ 41, [ 370248451 ] ],
    [ 42, [ 2, 3, 3, 83, 281, 1427 ] ],
    [ 43, [ 6709, 144481 ] ],
    [ 44, [ 7, 263, 881, 967 ] ],
    [ 45, [ 2, 2, 11, 19, 31, 181, 541 ] ],
    [ 46, [ 3, 4969, 275449 ] ],
    [ 47, [ 6643838879 ] ],
    [ 48, [ 2, 769, 2207, 3167 ] ],
    [ 49, [ 29, 599786069 ] ],
    [ 50, [ 3, 41, 401, 570601 ] ],
    [ 51, [ 2, 2, 919, 3469, 3571 ] ],
    [ 52, [ 7, 103, 102193207 ] ],
    [ 53, [ 119218851371 ] ],
    [ 54, [ 2, 3, 3, 3, 3, 107, 11128427 ] ],
    [ 55, [ 11, 11, 199, 331, 39161 ] ],
    [ 56, [ 47, 10745088481 ] ],
    [ 57, [ 2, 2, 229, 9349, 95419 ] ],
    [ 58, [ 3, 347, 1270083883 ] ],
    [ 59, [ 709, 8969, 336419 ] ],
    [ 60, [ 2, 7, 23, 241, 2161, 20641 ] ],
    [ 61, [ 5600748293801 ] ],
    [ 62, [ 3, 3020733700601 ] ],
    [ 63, [ 2, 2, 19, 29, 211, 1009, 31249 ] ],
    [ 64, [ 127, 186812208641 ] ],
    [ 65, [ 11, 131, 521, 2081, 24571 ] ],
    [ 66, [ 2, 3, 3, 43, 307, 261399601 ] ],
    [ 67, [ 4021, 24994118449 ] ],
    [ 68, [ 7, 23230657239121 ] ],
    [ 69, [ 2, 2, 139, 461, 691, 1485571 ] ],
    [ 70, [ 3, 41, 281, 12317523121 ] ],
    [ 71, [ 688846502588399 ] ],
    [ 72, [ 2, 47, 1103, 10749957121 ] ],
    [ 73, [ 151549, 11899937029 ] ],
    [ 74, [ 3, 11987, 81143477963 ] ],
    [ 75, [ 2, 2, 11, 31, 101, 151, 12301, 18451 ] ],
    [ 76, [ 7, 1091346396980401 ] ],
    [ 77, [ 29, 199, 229769, 9321929 ] ],
    [ 78, [ 2, 3, 3, 90481, 12280217041 ] ],
    [ 79, [ 32361122672259149 ] ],
    [ 80, [ 2207, 23725145626561 ] ],
    [ 81, [ 2, 2, 19, 3079, 5779, 62650261 ] ],
    [ 82, [ 3, 163, 800483, 350207569 ] ],
    [ 83, [ 35761381, 6202401259 ] ],
    [ 84, [ 2, 7, 7, 23, 167, 14503, 65740583 ] ],
    [ 85, [ 11, 3571, 1158551, 12760031 ] ],
    [ 86, [ 3, 313195711516578281 ] ],
    [ 87, [ 2, 2, 59, 349, 19489, 947104099 ] ],
    [ 88, [ 47, 93058241, 562418561 ] ],
    [ 89, [ 179, 22235502640988369 ] ],
    [ 90, [ 2, 3, 3, 3, 41, 107, 2521, 10783342081 ] ],
    [ 91, [ 29, 521, 689667151970161 ] ],
    [ 92, [ 7, 253367, 9506372193863 ] ],
    [ 93, [ 2, 2, 63799, 3010349, 35510749 ] ],
    [ 94, [ 3, 563, 5641, 4632894751907 ] ],
    [ 95, [ 11, 191, 9349, 41611, 87382901 ] ],
    [ 96, [ 2, 1087, 4481, 11862575248703 ] ],
    [ 97, [ 3299, 56678557502141579 ] ],
    [ 98, [ 3, 281, 5881, 61025309469041 ] ],
    [ 99, [ 2, 2, 19, 199, 991, 2179, 9901, 1513909 ] ],
    [ 100, [ 7, 2161, 9125201, 5738108801 ] ],
    [ 101, [ 809, 7879, 201062946718741 ] ],
    [ 102, [ 2, 3, 3, 67, 409, 63443, 66265118449 ] ],
    [ 103, [ 619, 1031, 5257480026438961 ] ],
    [ 104, [ 47, 3329, 106513889, 325759201 ] ],
    [ 105, [ 2, 2, 11, 29, 31, 71, 211, 911, 21211, 767131 ] ],
    [ 106, [ 3, 1483, 2969, 1076012367720403 ] ],
    [ 107, [ 47927441, 479836483312919 ] ],
    [ 108, [ 2, 7, 23, 6263, 103681, 177962167367 ] ],
    [ 109, [ 128621, 788071, 593985111211 ] ],
    [ 110, [ 3, 41, 43, 307, 59996854928656801 ] ],
    [ 111, [ 2, 2, 4441, 146521, 1121101, 54018521 ] ],
    [ 112, [ 223, 449, 2207, 1154149773784223 ] ],
    [ 113, [ 412670427844921037470771 ] ],
    [ 114, [ 2, 3, 3, 227, 26449, 29134601, 212067587 ] ],
    [ 115, [ 11, 139, 461, 1151, 5981, 324301, 686551 ] ],
    [ 116, [ 7, 299281, 834428410879506721 ] ],
    [ 117, [ 2, 2, 19, 79, 521, 859, 1052645985555841 ] ],
    [ 118, [ 3, 15247723, 100049587197598387 ] ],
    [ 119, [ 29, 239, 3571, 10711, 27932732439809 ] ],
    [ 120, [ 2, 47, 1103, 1601, 3041, 23735900452321 ] ],
    [ 121, [ 199, 97420733208491869044199 ] ],
    [ 122, [ 3, 19763, 21291929, 24848660119363 ] ],
    [ 123, [ 2, 2, 4767481, 370248451, 7188487771 ] ],
    [ 124, [ 7, 743, 467729, 33758740830460183 ] ],
    [ 125, [ 11, 101, 151, 251, 112128001, 28143378001 ] ],
    [ 126, [ 2, 3, 3, 3, 83, 107, 281, 1427, 1461601, 764940961 ] ],
    [ 127, [ 509, 5081, 487681, 13822681, 19954241 ] ],
    [ 128, [ 119809, 4698167634523379875583 ] ],
    [ 129, [ 2, 2, 6709, 144481, 308311, 761882591401 ] ],
    [ 130, [ 3, 41, 3121, 90481, 42426476041450801 ] ],
    [ 131, [ 1049, 414988698461, 5477332620091 ] ],
    [ 132, [ 2, 7, 23, 263, 881, 967, 5281, 66529, 152204449 ] ],
    [ 133, [ 29, 9349, 10694421739, 2152958650459 ] ],
    [ 134, [ 3, 6163, 201912469249, 2705622682163 ] ],
    [ 135, [ 2, 2, 11, 19, 31, 181, 271, 541, 811, 5779, 42391, 119611 ] ],
    [ 136, [ 47, 562627837283291940137654881 ] ],
    [ 137, [ 541721291, 78982487870939058281 ] ],
    [ 138, [ 2, 3, 3, 4969, 16561, 162563, 275449, 1043766587 ] ],
    [ 139, [ 30859, 253279129, 14331800109223159 ] ],
    [ 140, [ 7, 7, 2161, 14503, 118021448662479038881 ] ],
    [ 141, [ 2, 2, 79099591, 6643838879, 139509555271 ] ],
    [ 142, [ 3, 283, 569, 2820403, 9799987, 35537616083 ] ],
    [ 143, [ 199, 521, 1957099, 2120119, 1784714380021 ] ],
    [ 144, [ 2, 769, 2207, 3167, 115561578124838522881 ] ],
    [ 145, [ 11, 59, 19489, 120196353941, 1322154751061 ] ],
    [ 146, [ 3, 29201, 37125857850184727260788881 ] ],
    [ 147, [ 2, 2, 29, 211, 65269, 620929, 8844991, 599786069 ] ],
    [ 148, [ 7, 10661921, 114087288048701953998401 ] ],
    [ 149, [ 952111, 4434539, 3263039535803245519 ] ],
    [ 150, [ 2, 3, 3, 41, 401, 601, 2521, 570601, 87129547172401 ] ],
    [ 151, [ 1511, 109734721, 217533000184835774779 ] ],
    [ 152, [ 47, 562766385967, 2206456200865197103 ] ],
    [ 153, [ 2, 2, 19, 919, 3469, 3571, 13159, 8293976826829399 ] ],
    [ 154, [ 3, 43, 281, 307, 15252467, 900164950225760603 ] ],
    [ 155, [ 11, 311, 3010349, 29138888651, 823837075741 ] ],
    [ 156, [ 2, 7, 23, 103, 1249, 102193207, 94491842183551489 ] ],
    [ 157, [ 39980051, 16188856575286517818849171 ] ],
    [ 158, [ 3, 21803, 5924683, 14629892449, 184715524801 ] ],
    [ 159, [ 2, 2, 785461, 119218851371, 4523819299182451 ] ],
    [ 160, [ 641, 1087, 4481, 878132240443974874201601 ] ],
    [ 161, [ 29, 139, 461, 1289, 1917511, 965840862268529759 ] ],
    [ 162, [ 2, 3, 3, 3, 3, 3, 107, 11128427, 1828620361, 6782976947987 ] ],
    [ 163, [ 1043201, 6601501, 1686454671192230445929 ] ],
    [ 164, [ 7, 2684571411430027028247905903965201 ] ],
    [ 165, [ 2, 2, 11, 11, 31, 199, 331, 9901, 39161, 51164521, 1550853481 ] ],
    [ 166, [ 3, 6464041, 245329617161, 10341247759646081 ] ],
    [ 167, [ 766531, 103849927693584542320127327909 ] ],
    [ 168, [ 2, 47, 1103, 10745088481, 115613939510481515041 ] ],
    [ 169, [ 521, 596107814364089, 671040394220849329 ] ],
    [ 170, [ 3, 41, 67, 1361, 40801, 63443, 11614654211954032961 ] ],
    [ 171, [ 2, 2, 19, 19, 229, 9349, 95419, 162451, 1617661, 7038398989 ] ],
    [ 172, [ 7, 126117711915911646784404045944033521 ] ],
    [ 173, [ 78889, 6248069, 16923049609, 171246170261359 ] ],
    [ 174, [ 2, 3, 3, 347, 97787, 528295667, 1270083883, 5639710969 ] ],
    [ 175, [ 11, 29, 71, 101, 151, 911, 54601, 560701, 7517651, 51636551 ] ],
    [ 176, [ 1409, 2207, 6086461133983, 319702847642258783 ] ],
    [ 177, [ 2, 2, 709, 8969, 336419, 10884439, 105117617351706859 ] ],
    [ 178, [ 3, 5280544535667472291277149119296546201 ] ],
    [ 179, [ 359, 1066737847220321, 66932254279484647441 ] ],
    [ 180, [ 2, 7, 23, 241, 2161, 8641, 20641, 103681, 13373763765986881 ] ],
    [ 181, [ 97379, 21373261504197751, 32242356485644069 ] ],
    [ 182, [ 3, 281, 90481, 232961, 6110578634294886534808481 ] ],
    [ 183, [ 2, 2, 14686239709, 5600748293801, 533975715909289 ] ],
    [ 184, [ 47, 367, 37309023160481, 441720958100381917103 ] ],
    [ 185, [ 11, 54018521, 265272771839851, 2918000731816531 ] ],
    [ 186, [ 2, 3, 3, 15917507, 3020733700601, 859886421593527043 ] ],
    [ 187, [ 199, 1871, 3571, 905674234408506526265097390431 ] ],
    [ 188, [ 7, 18049, 100769, 153037630649666194962091443041 ] ],
    [ 189, [ 2, 2, 19, 29, 211, 379, 1009, 5779, 31249, 85429, 912871, 1258740001 ] ],
    [ 190, [ 3, 41, 2281, 4561, 29134601, 782747561, 174795553490801 ] ],
    [ 191, [ 22921, 395586472506832921, 910257559954057439 ] ],
    [ 192, [ 2, 127, 383, 5662847, 6803327, 19073614849, 186812208641 ] ],
    [ 193, [ 303011, 76225351, 935527893146187207403151261 ] ],
    [ 194, [ 3, 195163, 4501963, 5644065667, 2350117027000544947 ] ],
    [ 195, [ 2, 2, 11, 31, 79, 131, 521, 859, 1951, 2081, 2731, 24571, 866581, 37928281 ] ],
    [ 196, [ 7, 7, 7, 14503, 3016049, 6100804791163473872231629367 ] ],
    [ 197, [ 31498587119111339, 4701907222895068350249889 ] ],
    [ 198, [ 2, 3, 3, 3, 43, 107, 307, 261399601, 11166702227, 1076312899454363 ] ],
    [ 199, [ 2389, 4503769, 36036960414811969810787847118289 ] ],
    [ 200, [ 47, 1601, 3041, 124001, 6996001, 3160438834174817356001 ] ],
    [ 201, [ 2, 2, 4021, 24994118449, 2686039424221, 940094299967491 ] ],
    [ 202, [ 3, 547497418496144666543167613835090178297001 ] ],
    [ 203, [ 29, 29, 59, 19489, 2748232098283374889444289976282269 ] ],
    [ 204, [ 2, 7, 23, 1223, 23230657239121, 470039965023902754923207 ] ],
    [ 205, [ 11, 1231, 5741, 370248451, 2170732312961, 111359800682371 ] ],
    [ 206, [ 3, 81163, 46235392144586222367191440726672730987 ] ],
    [ 207, [ 2, 2, 19, 139, 461, 691, 1485571, 3643684402534298380040912641 ] ],
    [ 208, [ 2207, 7489, 45045727, 39586709834808244008811690207 ] ],
    [ 209, [ 199, 419, 9349, 20669776469, 2959707364050967146316591 ] ],
    [ 210, [ 2, 3, 3, 41, 83, 281, 1427, 2521, 721561, 12317523121, 140207234004601 ] ],
    [ 211, [ 33128448586319, 3768695026320506495615952689771 ] ],
    [ 212, [ 7, 250410161, 115247030905506311529891723062628161 ] ],
    [ 213, [ 2, 2, 1279, 1882921, 688846502588399, 49258624519847932639 ] ],
    [ 214, [ 3, 21401, 374929, 226981241, 126192465881, 767056342442009 ] ],
    [ 215, [ 11, 431, 1291, 1721, 6709, 144481, 1266715025281, 66163448516461 ] ],
    [ 216, [ 2, 47, 1103, 3023, 19009, 447901921, 10749957121, 48265838239823 ] ],
    [ 217, [ 29, 18229, 3010349, 125024551, 11260169813534893704769219 ] ],
    [ 218, [ 3, 1307, 924503867289824805827159934087885660335843 ] ],
    [ 219, [ 2, 2, 439, 151549, 11899937029, 12748437199, 145282738021003201 ] ],
    [ 220, [ 7, 263, 881, 967, 2161, 2800076631444853778881663695403201 ] ],
    [ 221, [ 521, 3571, 2337127044022973021, 3531495042124863863141 ] ],
    [ 222, [ 2, 3, 3, 443, 11987, 55927129, 6870470209, 8336942267, 81143477963 ] ],
    [ 223, [ 209621, 191782505151874799799825102831271417475449 ] ],
    [ 224, [ 1087, 2689, 4481, 4966336310413757728406317515606275329 ] ],
    [ 225, [ 2, 2, 11, 19, 31, 101, 151, 181, 541, 12301, 18451, 221401, 15608701, 3467131047901 ] ],
    [ 226, [ 3, 6329, 2151521, 122464427, 34040411535767969315747440867 ] ],
    [ 227, [ 39499, 5098421, 4311537234701, 317351386961794678797301 ] ],
    [ 228, [ 2, 7, 23, 62929, 307826903, 1091346396980401, 65494688793368423 ] ],
    [ 229, [ 6871, 104990418946773667410736999685208265866007631 ] ],
    [ 230, [ 3, 41, 4969, 275449, 3116523496881881, 2224700455311857347241 ] ],
    [ 231, [ 2, 2, 29, 199, 211, 4621, 9901, 229769, 9321929, 19630381, 201562805274601 ] ],
    [ 232, [ 47, 463, 929, 12527, 277007, 43561231976081277978655158673967 ] ],
    [ 233, [ 818757341, 6911530261, 873757179900549251563653697571 ] ],
    [ 234, [ 2, 3, 3, 3, 107, 467, 21529, 90481, 12280217041, 123944171348849444948627 ] ],
    [ 235, [ 11, 941, 6581, 8461, 119851, 842432231, 6643838879, 33481417483721 ] ],
    [ 236, [ 7, 12743, 13687, 5974828049, 2871307447985313921708888731089 ] ],
    [ 237, [ 2, 2, 637293949, 399660629491, 1027912163389, 32361122672259149 ] ],
    [ 238, [ 3, 67, 281, 63443, 75683, 3465148147, 58351516230584163679868441 ] ],
    [ 239, [ 479, 7649, 24216191671442408226762026802756956706931169 ] ],
    [ 240, [ 2, 769, 2207, 3167, 281490241, 23725145626561, 1999653272832963841 ] ],
    [ 241, [ 1156801, 4645999, 43219877626484550971962471774087607599 ] ],
    [ 242, [ 3, 43, 307, 200872171147, 3564873012035809, 13253086025993542387 ] ],
    [ 243, [ 2, 2, 19, 3079, 5779, 59779, 62650261, 120074026624398979403194983601 ] ],
    [ 244, [ 7, 487, 52471477541626010209, 5500902230146438151405489047 ] ],
    [ 245, [ 11, 29, 71, 491, 911, 1471, 88972241, 599786069, 4353947431, 459807660691 ] ],
    [ 246, [ 2, 3, 3, 163, 800483, 350207569, 67031206681, 46724505421882309671121 ] ],
    [ 247, [ 521, 9349, 383839, 768548899, 2900839194578436063903816717541 ] ],
    [ 248, [ 47, 1952755969, 73483350528661634941003491044929827858529 ] ],
    [ 249, [ 2, 2, 499, 35761381, 6202401259, 43084912634851, 572087591261946589 ] ],
    [ 250, [ 3, 41, 401, 570601, 1353439001, 5465167948001, 84817574770589638001 ] ],
    [ 251, [ 15061, 170179, 712841, 15636705475517134545061743537722067281 ] ],
    [ 252, [ 2, 7, 7, 23, 167, 503, 14503, 103681, 65740583, 4322424761927, 571385160581761 ] ],
    [ 253, [ 139, 199, 461, 13343097459037867049, 439589715274978576995097049 ] ],
    [ 254, [ 3, 1523, 347366417511089201, 76252069628164074340107412376147 ] ],
    [ 255, [ 2, 2, 11, 31, 919, 1021, 3469, 3571, 53551, 95881, 1158551, 12760031, 162716451241291 ] ],
    [ 256, [ 34303, 73327699969, 125960894984050328038716298487435392001 ] ],
    [ 257, [ 2107028233569599, 125090447782502159, 1945042261468790758531 ] ],
    [ 258, [ 2, 3, 3, 7772507, 73254041816089, 258422401920467, 313195711516578281 ] ],
    [ 259, [ 29, 2591, 54018521, 330666900546898116460968438563218940272271 ] ],
    [ 260, [ 7, 103, 2161, 21183761, 57089761, 102193207, 1932300241, 5836312049326721 ] ],
    [ 261, [ 2, 2, 19, 59, 349, 19489, 947104099, 121645431297608956949367975807331201 ] ],
    [ 262, [ 3, 523, 4239161, 854788933334042653924869941395368987034789067 ] ],
    [ 263, [ 1579, 924709, 2098741, 3001949101336686906107454320302466346629 ] ],
    [ 264, [ 2, 47, 1103, 93058241, 562418561, 893844775132847, 3068718630789795983 ] ],
    [ 265, [ 11, 1061, 17491, 124021, 7627231, 14161601, 119218851371, 73872456598219381 ] ],
    [ 266, [ 3, 281, 978347, 29134601, 186313849, 3336915203, 2608509549583653221689 ] ],
    [ 267, [ 2, 2, 179, 3739, 22235502640988369, 1059215940559134586375464519784009 ] ],
    [ 268, [ 7, 4289, 6387083201, 532023636345822147038743367122454382963889 ] ],
    [ 269, [ 13451, 49098524855733491, 290341026883813109, 860882346042166879 ] ],
    [ 270, [ 2, 3, 3, 3, 3, 41, 107, 2521, 11128427, 12315241, 10783342081, 100873547420073756574681 ] ],
    [ 271, [ 59621, 899179, 92206663291, 87426439096566323815478492553863521 ] ],
    [ 272, [ 2207, 4470047, 7378607647, 42848407775681, 224189164930816106106049 ] ],
    [ 273, [ 2, 2, 29, 79, 211, 521, 859, 1836084445651, 689667151970161, 1032512153239041931 ] ],
    [ 274, [ 3, 547, 27947, 86409516719752275209, 461963939612677343458490143601 ] ],
    [ 275, [ 11, 11, 101, 151, 199, 331, 39161, 92401, 6982111964759801, 964537359154707797801 ] ],
    [ 276, [ 2, 7, 23, 23, 253367, 3365543, 4333249681, 9506372193863, 18423463609862225329 ] ],
    [ 277, [ 1109, 5923369, 1003666289, 322458613167451, 3647646099535497480264359 ] ],
    [ 278, [ 3, 65609, 63749871895972620649953899115136073800470980902829089 ] ],
    [ 279, [ 2, 2, 19, 63799, 2870911, 3010349, 35510749, 3599504551, 3790399876570715374441 ] ],
    [ 280, [ 47, 1601, 3041, 6135922241, 10745088481, 164154312001, 13264519466034652481 ] ],
    [ 281, [ 20567460049, 46415343154434259, 55678135331080359350346681814561 ] ],
    [ 282, [ 2, 3, 3, 563, 1129, 5641, 183407723, 4632894751907, 1568243714391295376547405323 ] ],
    [ 283, [ 1699, 252605941501, 324238999448153864959724538289151678378314771 ] ],
    [ 284, [ 7, 32165609929722273666211791549816223828923850302972185505601 ] ],
    [ 285, [ 2, 2, 11, 31, 191, 229, 571, 9349, 32491, 41611, 95419, 2069101, 87382901, 119130001, 411677941 ] ],
    [ 286, [ 3, 43, 307, 5147, 90481, 2441129996120243, 13092861035652370656608696909281 ] ],
    [ 287, [ 29, 256579, 319973431, 370248451, 101731310703289, 10635841025639256246541 ] ],
    [ 288, [ 2, 1087, 4481, 270143, 11862575248703, 25033626656641, 1974737795746080149567 ] ],
    [ 289, [ 3571, 878516651, 795954394282744053474161101150396077552743674481 ] ],
    [ 290, [ 3, 41, 347, 5801, 52201, 96281, 1270083883, 6854280100961, 372961972274566497161 ] ],
    [ 291, [ 2, 2, 3299, 5496409, 320657355925861, 56678557502141579, 4959318126280687189 ] ],
    [ 292, [ 7, 839207, 121355783, 2864461601, 4953066392881, 1045794092558661358680161 ] ],
    [ 293, [ 287141, 59605095029402530487010572214642235677583217188556211631 ] ],
    [ 294, [ 2, 3, 3, 83, 281, 587, 1427, 5881, 61025309469041, 1150184101339307, 190773791763188929 ] ],
    [ 295, [ 11, 709, 8969, 12391, 336419, 552241, 335838031, 99979884881, 8287296987284891561 ] ],
    [ 296, [ 47, 15400289, 19088449, 77894162661647, 89311781152481, 754276330346432303 ] ],
    [ 297, [ 2, 2, 19, 199, 991, 2179, 5779, 9901, 1513909, 220862269, 1369471729429, 137096217949680001 ] ],
    [ 298, [ 3, 222448929009201481, 271293387891105049, 1048397584307975025515107529 ] ],
    [ 299, [ 139, 461, 521, 599, 2233531, 1194215681621, 143236388738249, 40197222522537856361 ] ],
    [ 300, [ 2, 7, 23, 241, 1201, 2161, 20641, 9125201, 148669201, 5738108801, 9602982001, 1599014169601 ] ],
    [ 301, [ 29, 6709, 144481, 39488879317091, 1050474234583201, 689529693448123842995171 ] ],
    [ 302, [ 3, 70963651961, 95305716283, 64119657493918388500959028976916724219027 ] ],
    [ 303, [ 2, 2, 809, 7879, 77569, 3334819, 42669355669, 201062946718741, 37202043349013064289 ] ],
    [ 304, [ 607, 1823, 2207, 20063, 91807, 1156984541407, 12441241017224321, 52601970578546783 ] ],
    [ 305, [ 11, 86011, 30727531, 5600748293801, 11868899378561, 2851671040957030569903401 ] ],
    [ 306, [ 2, 3, 3, 3, 67, 107, 409, 4283, 63443, 18531361, 66265118449, 168778913873539642145017404947 ] ],
    [ 307, [ 1229, 11739610117429203651282768407085324070169775523763828726810201 ] ],
    [ 308, [ 7, 7, 263, 881, 967, 14503, 7872253927, 9623520524969002343, 1935298980672778761041 ] ],
    [ 309, [ 2, 2, 619, 1031, 1270029990781, 5257480026438961, 2216051880587916003268636813231 ] ],
    [ 310, [ 3, 41, 3020733700601, 180501911066713425499001, 911316263659755894779625401 ] ],
    [ 311, [ 34211, 2890615644252691924572487628689034423952562309093965400390309 ] ],
    [ 312, [ 2, 47, 1103, 3329, 740687, 71467343, 106513889, 325759201, 252395324361178683936108001 ] ],
    [ 313, [ 258899611203303418721656157249445530046830073044201152332257717521 ] ],
    [ 314, [ 3, 142934683, 976922609704830455114855830649608682719829067966633529507 ] ],
    [ 315, [ 2, 2, 11, 19, 29, 31, 71, 181, 211, 541, 631, 911, 1009, 21211, 31249, 767131, 1051224514831, 1983000765501001 ] ],
    [ 316, [ 7, 675607, 231900742042861225269632036231770950710877804680654044867543 ] ],
    [ 317, [ 4014648883841, 15670596807846410359, 28206477527834707033776102306507709 ] ],
    [ 318, [ 2, 3, 3, 1483, 2969, 14627, 346656889, 57157491464963, 1076012367720403, 116171668216510969 ] ],
    [ 319, [ 59, 199, 19489, 625728071, 32447179970327852021339607533382691005310445765831 ] ],
    [ 320, [ 127, 186812208641, 62379555831803099867272961, 5079180256659675431743744001 ] ],
    [ 321, [ 2, 2, 47927441, 809013091, 479836483312919, 163432894718897814320076670502885071 ] ],
    [ 322, [ 3, 281, 643, 4969, 275449, 770867, 25154641, 163674763583689, 8357802723902097130683089 ] ],
    [ 323, [ 3571, 9349, 111331562323253269, 8567112840278893965438720953737489208042629 ] ],
    [ 324, [ 2, 7, 23, 647, 6263, 103681, 12340209383, 177962167367, 173421718166321520831726341471281 ] ],
    [ 325, [ 11, 101, 131, 151, 521, 2081, 3251, 24571, 843701, 3558039391073701, 14590556568276009782648851 ] ],
    [ 326, [ 3, 573005680996120855900783871963, 78467630622694196662242013937213314987 ] ],
    [ 327, [ 2, 2, 128621, 788071, 1358359, 802006741, 8541593161, 593985111211, 97389944419638836239 ] ],
    [ 328, [ 47, 7513601265751126919260420528205646210878820214173976884762475096801 ] ],
    [ 329, [ 29, 659, 6643838879, 40419554618353133555809, 111337025457586528883498206543931 ] ],
    [ 330, [ 2, 3, 3, 41, 43, 307, 1321, 2521, 817081, 3666961, 261399601, 59996854928656801, 606425727941381041 ] ],
    [ 331, [ 526291, 54184296181, 4386848568249611, 11957954590103942275063852978039182929 ] ],
    [ 332, [ 7, 97607, 3542562803359306968528223771202195633542893296819842168040162903 ] ],
    [ 333, [ 2, 2, 19, 1999, 4441, 146521, 1121101, 14678641, 54018521, 44566024170973871368464275116992799 ] ],
    [ 334, [ 3, 821641, 7162963, 50187047747, 14167898020159929481, 504752765667203736366779801 ] ],
    [ 335, [ 11, 4021, 24994118449, 918229218981115419161903071, 10100521408792719066483062311 ] ],
    [ 336, [ 2, 223, 449, 769, 2207, 3167, 18143, 416187743, 1368322369, 1154149773784223, 1292528726309580481 ] ],
    [ 337, [ 21569, 340819559, 3651575156022459933890370204120436853816552382514920496951 ] ],
    [ 338, [ 3, 2027, 90481, 141283, 404112157123, 478061565712797524641, 2892106995173496522201467 ] ],
    [ 339, [ 2, 2, 44607276283528829839, 412670427844921037470771, 954423225346040964978868549 ] ],
    [ 340, [ 7, 2161, 5441, 897601, 23230657239121, 17276792316211992881, 3834936832404134644974961 ] ],
    [ 341, [ 199, 2729, 12959, 347821, 3010349, 24968047172542592952969282984682443824284389694771 ] ],
    [ 342, [ 2, 3, 3, 3, 107, 227, 683, 20521, 26449, 47881, 29134601, 212067587, 6368731219987307, 324968740886536921 ] ],
    [ 343, [ 29, 2094359, 599786069, 1837202669, 7197108309638972949020920202934083308037422199 ] ],
    [ 344, [ 47, 9303823, 1403981099723321029379913948641, 1269485331398883566721960085614767 ] ],
    [ 345, [ 2, 2, 11, 31, 139, 461, 691, 1151, 4831, 5981, 324301, 686551, 1485571, 4641631, 117169733521, 3490125311294161 ] ],
    [ 346, [ 3, 68520477202692467, 9926174206197176782314412625771198320265464117594737043 ] ],
    [ 347, [ 662771, 25008386631867389, 199187460399042526805980487374118125053459971811841 ] ],
    [ 348, [ 2, 7, 23, 299281, 834428410879506721, 56058952425321966662183, 1185031046372137517381447 ] ],
    [ 349, [ 81922033248592814089, 15360894609285281651561, 6868615650726652471695323898169 ] ],
    [ 350, [ 3, 41, 281, 401, 2801, 28001, 570601, 12317523121, 248773766357061401, 7358192362316341243805801 ] ],
    [ 351, [ 2, 2, 19, 79, 521, 859, 5779, 65597689, 1052645985555841, 21104087776648187459376854003284008649 ] ],
    [ 352, [ 1087, 4481, 3891324187650256896001, 1931734634522754726108707718410439174358483201 ] ],
    [ 353, [ 59242995313457729780510823767354730798286848921481374874264534705573628371 ] ],
    [ 354, [ 2, 3, 3, 15247723, 100049587197598387, 3490855311525894593942346160303930322601870428401 ] ],
    [ 355, [ 11, 688846502588399, 43137227648024611864946839441, 474509504128267649899203532561 ] ],
    [ 356, [ 7, 63367, 565768471959285714079262248889509474547974219027885983055827845016103 ] ],
    [ 357, [ 2, 2, 29, 211, 239, 919, 3469, 3571, 10711, 27932732439809, 20379621866912041009285306878000998438281 ] ],
    [ 358, [ 3, 316590102769, 28186756596622582369, 24542088379834158308710757181431652367422241 ] ],
    [ 359, [ 719, 1648529, 1517456267839, 591045866085042506389105054361881124597940603179391791 ] ],
    [ 360, [ 2, 47, 1103, 1601, 3041, 5208481, 10749957121, 23735900452321, 2563987147105929622138082038024801 ] ],
    [ 361, [ 9349, 160151348989164092909, 1858841540373670700398200442883277461276109110358161 ] ],
    [ 362, [ 3, 5608873567304433409, 579525284061453527209, 461802709627229602432311407675108521 ] ],
    [ 363, [ 2, 2, 199, 9439, 9901, 2435731, 363397849, 97420733208491869044199, 1135879408779734256195614761 ] ],
    [ 364, [ 7, 7, 103, 727, 14503, 193649, 800801, 102193207, 8303168327, 1683719541502120223141651029918429841 ] ],
    [ 365, [ 11, 151549, 514651, 7015301, 8942501, 9157663121, 11899937029, 3252336525249736694804553589211 ] ],
    [ 366, [ 2, 3, 3, 19763, 102481, 10225307, 21291929, 21791641, 24848660119363, 7181634929637355776701081412683 ] ],
    [ 367, [ 2298889, 19997474011, 28770822474564239, 886000936153274021, 42617146790676471298183229 ] ],
    [ 368, [ 2207, 245087, 11079007, 13484292549345009218015967701713491137426073107017330576389569 ] ],
    [ 369, [ 2, 2, 19, 739, 4767481, 370248451, 7188487771, 26024651929, 18736753266019, 376254926106165750813409 ] ],
    [ 370, [ 3, 41, 1481, 11987, 81143477963, 311306833878041, 3835428969729521900864406164428218332995201 ] ],
    [ 371, [ 29, 6679, 119218851371, 35668796989484800666122809, 415596322649845773295720736044732151 ] ],
    [ 372, [ 2, 7, 23, 743, 1489, 467729, 33758740830460183, 98465083280977541404796710798431455619960794209 ] ],
    [ 373, [ 2239, 400254035815230315691149177295200682735160941001088181098834904823746738439 ] ],
    [ 374, [ 3, 43, 67, 307, 2243, 49369, 63443, 3827019260681, 1586361987756363049, 12812807672672518125975550387 ] ],
    [ 375, [ 2, 2, 11, 31, 101, 151, 251, 751, 2251, 12301, 18451, 112128001, 28143378001, 468535826053501, 792081397330050024751 ] ],
    [ 376, [ 47, 47, 10779169, 3547078721, 1844139855023, 24372891567119546024482755738068603581938859649 ] ],
    [ 377, [ 59, 521, 19489, 9220407243723719942154317888399, 1112015857652870954595728597416729648799 ] ],
    [ 378, [ 2, 3, 3, 3, 3, 83, 107, 281, 1427, 2267, 32507, 1461601, 11128427, 764940961, 18788923389546130048317121725489105289 ] ],
    [ 379, [ 342912379, 263849805823819, 177736127099922813767360469853533109979011440647545873549 ] ],
    [ 380, [ 7, 2161, 15062006801, 1091346396980401, 104641758597793369564291770632634826877317038542801 ] ],
    [ 381, [ 2, 2, 509, 3049, 5081, 487681, 7357111, 13822681, 19954241, 1348763794031914156041797647143983548205749 ] ],
    [ 382, [ 3, 55009, 19469944773409593857689, 21201122289366160673292124616275046288387257238118601 ] ],
    [ 383, [ 7901291, 359239103599, 148183743669565231, 262049896393105557884983790284397553466196701 ] ],
    [ 384, [ 2, 119809, 885503, 1359361, 1769526527, 4698167634523379875583, 74374487830388825730162393840383 ] ],
    [ 385, [ 11, 11, 29, 71, 199, 331, 911, 3851, 39161, 229769, 9321929, 84100171, 582276311, 1097233061, 1112118152741317993811 ] ],
    [ 386, [ 3, 3089, 10245029712795120034405043, 4917866680542437909589045461010332410272345627699403 ] ],
    [ 387, [ 2, 2, 19, 1549, 6709, 144481, 308311, 761882591401, 28184229448040590408512793395201731274978795984709 ] ],
    [ 388, [ 7, 6983, 4716437207, 5302128857446935216982971462475831424585281386810339485459853126241 ] ],
    [ 389, [ 3904919893017807509, 506500558078271291193254167726983153455094605128812878961431839 ] ],
    [ 390, [ 2, 3, 3, 41, 2521, 3121, 90481, 12280217041, 54975368761, 42426476041450801, 212661158362558594566110149801 ] ],
    [ 391, [ 139, 461, 3571, 10949, 2476673936041, 834484880498372128537891307445941852925566419249911616229 ] ],
    [ 392, [ 47, 12653761, 1016307041, 10745088481, 1290038175039560430642984778500260607762641561539198721 ] ],
    [ 393, [ 2, 2, 1049, 414988698461, 5477332620091, 32845130922638389, 43274370280887890687749341750584741809 ] ],
    [ 394, [ 3, 787, 553963, 2214453361, 7573331634811907277928945125921452557728514841450660832541351241 ] ],
    [ 395, [ 11, 2371, 12641, 121661, 383941, 1552351, 1713511, 9263072321, 598619413471, 4828253906741, 32361122672259149 ] ],
    [ 396, [ 2, 7, 23, 263, 881, 967, 3169, 5281, 63361, 66529, 103681, 46046881, 102551329, 152204449, 151409133906803874308734561 ] ],
    [ 397, [ 138787200818838488796281, 669489488461007623536076657264221325654746723636804695546641 ] ],
    [ 398, [ 3, 7498125774422297927481142094102201027, 6683544495801964232501796148042351709000446963 ] ],
    [ 399, [ 2, 2, 29, 211, 229, 9349, 28729, 95419, 519499, 10694421739, 561434197549, 2152958650459, 252171167457207277136719 ] ],
    [ 400, [ 2207, 107420801, 177736001, 23725145626561, 51793685214662401, 7601587101128729489773008667804801 ] ],
    [ 401, [ 1775629, 6238759, 57490131422237119538947323064108369354763411739839193426140731363438441 ] ],
    [ 402, [ 2, 3, 3, 1609, 6163, 201912469249, 2705622682163, 2915186157721, 3625049985433518620724629754945150956569 ] ],
    [ 403, [ 521, 3010349, 25054511, 42430536084158188102317698250762108075724699403871413365975546725791 ] ],
    [ 404, [ 7, 4057630561, 365577168608254038823, 259810712071020092939911160510563206299521186512399367 ] ],
    [ 405, [ 2, 2, 11, 19, 31, 181, 271, 541, 811, 1621, 3079, 4861, 5779, 21871, 33211, 42391, 119611, 62650261, 31603395781, 7654861102843433881 ] ],
    [ 406, [ 3, 281, 347, 7307, 1270083883, 64690797641, 23670698911880865758980387, 1699025090503783326202175396329 ] ],
    [ 407, [ 199, 205129, 4792019, 54018521, 3473266369, 311379581597016565173529362255085372911306092656839779 ] ],
    [ 408, [ 2, 47, 1103, 2447, 23663, 562627837283291940137654881, 5474303442249842401513080472803833316281938081 ] ],
    [ 409, [ 1427411, 3165661, 919046182779201475951, 7204338025090306465053435447585274989066236336317481 ] ],
    [ 410, [ 3, 41, 41, 163, 800483, 350207569, 628774904181521, 143860188296781167161, 2322429099336692919718294260481 ] ],
    [ 411, [ 2, 2, 242491, 541721291, 104446810724929, 78982487870939058281, 18070186267894449189347092077457768249 ] ],
    [ 412, [ 7, 823, 294167, 1090414335383168463561145167623, 68584251594840448395744123208239882389888225047 ] ],
    [ 413, [ 29, 709, 8969, 336419, 545161, 33637840386809, 180249374207654999655624116221570357240692774273973649 ] ],
    [ 414, [ 2, 3, 3, 3, 107, 827, 4969, 16561, 162563, 275449, 12207203, 1043766587, 1478978975454355328412104109868761225273368881 ] ],
    [ 415, [ 11, 6170221, 35761381, 5216440441, 6202401259, 12933833823941, 1528527683761524871, 345802651979922515711 ] ],
    [ 416, [ 1087, 4481, 419329, 727169, 584875731540300882607396508321487635244484155302074048573424052273281 ] ],
    [ 417, [ 2, 2, 1669, 30859, 253279129, 14331800109223159, 1879523073048023218194798696994440982313556284925275779 ] ],
    [ 418, [ 3, 43, 307, 7907723, 29134601, 4692901883, 722601451307, 73502940281121902153364677850462275100656711627 ] ],
    [ 419, [ 839, 897499, 316722762859, 71770902070121337353161, 214979797032908476941753114627650494795860641 ] ],
    [ 420, [ 2, 7, 7, 23, 167, 241, 2161, 14503, 20641, 65740583, 118021448662479038881, 13076262780531942679085440491796970310241 ] ],
    [ 421, [ 1995541, 2971841379558728500308112219, 1624464648249211515329083729905902386498198626045929519 ] ],
    [ 422, [ 3, 9283, 118143291717707, 36302689192832119042589867, 130504869237181082393073724631146963189384763 ] ],
    [ 423, [ 2, 2, 19, 79099591, 6643838879, 139509555271, 4526483582630502302599448017416286765824514198161691031041 ] ],
    [ 424, [ 47, 1022689, 676934614737167, 11136890221406863, 112617883853409480474529393535080661039525648398049 ] ],
    [ 425, [ 11, 101, 151, 3571, 51001, 1158551, 2968201, 12760031, 1371955936801, 1627727616354246028751, 22054919149909719709751 ] ],
    [ 426, [ 2, 3, 3, 283, 569, 16187, 2820403, 9799987, 35537616083, 1006118006507, 474672373905841, 4854330439365889765803819529 ] ],
    [ 427, [ 29, 1709, 81131, 2649109, 5600748293801, 2897674598810659877622649944517810678643789178974565606762691 ] ],
    [ 428, [ 7, 21596023, 33640801, 386610981607, 142264876689191867899932963896908856493492846259257310816208161 ] ],
    [ 429, [ 2, 2, 79, 199, 521, 859, 9901, 301159, 1957099, 2120119, 539665699, 1784714380021, 1349538077674055461741903165711845661 ] ],
    [ 430, [ 3, 41, 313195711516578281, 1517416544639719175645264380247161, 12527360472165929415687538395564750361 ] ],
    [ 431, [ 188779, 203357221762049, 13780495531127210356018421, 2239725692573574774225418974731846140272212489 ] ],
    [ 432, [ 2, 769, 863, 2207, 3167, 303039789569567, 73842573103586899487, 115561578124838522881, 79914045929576045795423 ] ],
    [ 433, [ 12361187009, 203421415129, 110588112062920249, 11155343204218537406813313601234143763016570579820689 ] ],
    [ 434, [ 3, 281, 39929, 541562561, 3020733700601, 8920293496632083, 11066449548850921, 923360588683401770105199074603 ] ],
    [ 435, [ 2, 2, 11, 31, 59, 349, 1741, 6091, 13921, 19489, 560281, 12869041, 947104099, 7820838901, 120196353941, 1322154751061, 11841524567731 ] ],
    [ 436, [ 7, 2856113921, 657260575798011765406142510792855512395193572120997168445702890242321058261403681 ] ],
    [ 437, [ 139, 461, 9349, 133351074933356474419349, 266146882200264269210394982818118404450063235825822769857949 ] ],
    [ 438, [ 2, 3, 3, 7883, 29201, 88370003, 5049205307, 37125857850184727260788881, 501210633555112203395744292840696029987 ] ],
    [ 439, [ 4391, 826061911, 1149884364774317448679684799063561, 13345777072640252551741515140876418537140353109 ] ],
    [ 440, [ 47, 1601, 3041, 21121, 93058241, 562418561, 2820928659522677780723681, 126221993874858671057034908285162682401 ] ],
    [ 441, [ 2, 2, 19, 29, 211, 1009, 31249, 35281, 65269, 620929, 8844991, 599786069, 80642113181244469, 16247350756640617732192770750349 ] ],
    [ 442, [ 3, 67, 883, 63443, 90481, 3607603, 6563589514883537474323387, 9774149436586180936514535621848199625965839707 ] ],
    [ 443, [ 2659, 135559, 1058468497584673231839683421107696696195973642200254474517777673097952198651301042859 ] ],
    [ 444, [ 2, 7, 23, 887, 2663, 17761, 10661921, 21423730326721, 114087288048701953998401, 1753583251175771127559228156664349601 ] ],
    [ 445, [ 11, 179, 64343104471, 196317700541, 3565818352751, 1254118270115351, 22235502640988369, 403876015898686909877891 ] ],
    [ 446, [ 3, 175723, 9237507401, 331881380821075796562141706309693205920002090318329169413013943329066932468947 ] ],
    [ 447, [ 2, 2, 1789, 952111, 4434539, 595079479, 3263039535803245519, 44572961316701091570454843936327625650477556780221 ] ],
    [ 448, [ 127, 2687, 285823, 186812208641, 136888723981183, 1696372959419763718936233640481341762009277301583325762687 ] ],
    [ 449, [ 369079, 72195777446499975249912346541, 311680756181475991522861299701, 824345650181758925250079965109 ] ],
    [ 450, [ 2, 3, 3, 3, 41, 107, 401, 601, 1801, 2521, 570601, 10783342081, 87129547172401, 186374563189054810201, 427694148584338087778220001 ] ],
    [ 451, [ 199, 4274579, 370248451, 56909671435221082533169582520085662884377962564222829999842181652894123123019 ] ],
    [ 452, [ 7, 2568263, 81890647, 8909495119748227149127799699351214961, 2210998567519276821684677991308689801297601 ] ],
    [ 453, [ 2, 2, 1511, 335221, 89526391, 109734721, 217533000184835774779, 10837399157311960843528910542685545748152881169441 ] ],
    [ 454, [ 3, 907, 4791205378649, 33816563175289, 51016310064806842883, 3375800965214715251532319639509962280812586241 ] ],
    [ 455, [ 11, 29, 71, 131, 521, 911, 2081, 17291, 24571, 50051, 6320315821, 689667151970161, 4000643765894231, 113048264824198005932716451 ] ],
    [ 456, [ 2, 47, 1103, 386689, 446881, 185686849, 562766385967, 2206456200865197103, 48117413372195509248992480097331875029761 ] ],
    [ 457, [ 143392891, 48175086409, 864351271995241, 53865562038701008975397146407705442118820462326130285905669299 ] ],
    [ 458, [ 3, 173467444183092889465468215059178872136180865847642115150876882787982326965619685734718473208401 ] ],
    [ 459, [ 2, 2, 19, 919, 3469, 3571, 5779, 13159, 8293976826829399, 1542997498640271499937518740470741204744064057385067934850561 ] ],
    [ 460, [ 7, 2161, 217121, 253367, 9506372193863, 28677143808961, 6005637578455656716285540173350865292588894394197418401 ] ],
    [ 461, [ 2757586237369, 319312180414074540857597288368326881, 2503557480021275090919649516098944327787405990259 ] ],
    [ 462, [ 2, 3, 3, 43, 83, 281, 307, 1427, 9241, 28643, 15252467, 261399601, 900164950225760603, 474785544229438889337804228688545789398627 ] ],
    [ 463, [ 106332581, 585919814281, 1963812794309, 1444159651716257659, 32663115224038289868650135217134309651239908119 ] ],
    [ 464, [ 2207, 227693725298545340302283668318476481, 18582822567261744030055127374935263414944062870945834155521 ] ],
    [ 465, [ 2, 2, 11, 31, 31, 311, 1861, 4651, 16741, 63799, 65101, 565441, 3010349, 35510749, 257750431, 29138888651, 823837075741, 5104614261828646351 ] ],
    [ 466, [ 3, 13049, 668243, 17387541121, 69437671937928401952347, 774059118009573470026172798150004363897927179083994209 ] ],
    [ 467, [ 72176719, 47381053174782191395897031, 11567144229346384723377331306387978117337590990844704579284388511 ] ],
    [ 468, [ 2, 7, 23, 103, 1249, 103681, 102193207, 94491842183551489, 1543279476449634699608479692367598435286976050460426712893441 ] ],
    [ 469, [ 29, 4021, 4691, 2009966099, 24994118449, 10812055185331, 348554716233160618053343042160351491314563513217176688859 ] ],
    [ 470, [ 3, 41, 563, 5641, 16921, 276222761, 4632894751907, 19809950476703891759635852223863606381827838846342829232189869441 ] ],
    [ 471, [ 2, 2, 39980051, 412341661, 16188856575286517818849171, 478330258123360554199869169, 530974881763927371142458559129 ] ],
    [ 472, [ 47, 1889, 2419211530537373922717347917531835521445794561, 2042502225245286007182149832790230768872597625569 ] ],
    [ 473, [ 199, 6709, 31219, 144481, 2159719, 400892271029643691, 136140803975431579096921434427867417119576043373923793863351 ] ],
    [ 474, [ 2, 3, 3, 947, 21803, 5924683, 10279163, 8411395441, 14629892449, 184715524801, 5922309413062354009, 376943442492584130991581889 ] ],
    [ 475, [ 11, 101, 151, 191, 4751, 9349, 41611, 16051201, 87382901, 662274006922117144633042051, 33781171015631627701406786489962619501 ] ],
    [ 476, [ 7, 7, 14503, 146609, 23230657239121, 1242340672101622515322951453717640776208728774955230695528416715857159207729 ] ],
    [ 477, [ 2, 2, 19, 785461, 49721203549, 119218851371, 6430515046741, 4523819299182451, 472637968735705963164896157847752919263649 ] ],
    [ 478, [ 3, 632890270126128456721, 4146124755824254011197546970662762320164758443697460091641243037362105014072881 ] ],
    [ 479, [ 4717331869, 310932648259, 161336933569119611, 16372649304949588683920725489, 3287487920278293408294269143124011 ] ],
    [ 480, [ 2, 641, 1087, 4481, 11862575248703, 878132240443974874201601, 316837008400107576629115441641182686718784605974069121 ] ],
    [ 481, [ 521, 54018521, 76984462699, 5690484979405478934633378760841, 2704719196143346692298887124435589105513805538379 ] ],
    [ 482, [ 3, 1327427, 5373430329122468821883671012169, 2521500603910670105933130819233403211894965047617170126904127827 ] ],
    [ 483, [ 2, 2, 29, 139, 211, 461, 691, 1289, 9661, 1485571, 1917511, 236235695207989, 965840862268529759, 9952648158500556841649035737455844289 ] ],
    [ 484, [ 7, 263, 881, 967, 1078880662669127, 137060450839316821906173041, 609082532583028967505730687254430804450231771412743 ] ],
    [ 485, [ 11, 971, 3299, 2569733895941, 56678557502141579, 1273802627370318382097141, 34962478192749096461017520292718749827531 ] ],
    [ 486, [ 2, 3, 3, 3, 3, 3, 3, 107, 11128427, 1828620361, 6782976947987, 17174107866559209832245996776509546318861182768126017871860347845227 ] ],
    [ 487, [ 4871, 122846467354664998673916230710497626221725181854388618970716775441557425146335243230790011982111099 ] ],
    [ 488, [ 47, 3198068921977967, 6441437021434315318928919220679668071260908685659726779571317918500059856365893629903 ] ],
    [ 489, [ 2, 2, 5869, 1043201, 6601501, 328424797286984008609, 1686454671192230445929, 17494868405947001671095252113265784464651091 ] ],
    [ 490, [ 3, 41, 281, 5881, 7841, 99961, 631121, 12317523121, 61025309469041, 33537683195074386504970032502263745564778952960326126761 ] ],
    [ 491, [ 3929, 173321310054541991, 6022785150083077437913621379480345923677398553266365202062238527938762082161442441 ] ],
    [ 492, [ 2, 7, 23, 983, 7775569, 6950680026641927, 8885812256785434407, 16262153028670302865367, 2684571411430027028247905903965201 ] ],
    [ 493, [ 59, 3571, 19489, 2004539, 964838287139321446051, 1352091823712049679616025983437139711549290136004358066983966563609 ] ],
    [ 494, [ 3, 90481, 188707, 4041907, 29134601, 2880263594682611586194095910638753401571939571753185177520296837798420881953449 ] ],
    [ 495, [ 2, 2, 11, 11, 19, 31, 181, 199, 331, 541, 991, 2179, 9901, 39161, 1513909, 51164521, 914116501, 1550853481, 1808388451, 3943480033796491, 23317837226040061 ] ],
    [ 496, [ 2207, 3482304046527908383, 5918348615240980251116126461376349418505835670849224154415447605130311302713970847 ] ],
    [ 497, [ 29, 9941, 173907259, 849570487921, 51073328790989, 688846502588399, 49112877772690986784155213416124904587079758531091 ] ],
    [ 498, [ 2, 3, 3, 6464041, 20276569, 93750172283, 245329617161, 10341247759646081, 212216314620580244514251999177476639338737695720283 ] ],
    [ 499, [ 10979, 72376853400026778781, 242476693680113970844399844268665411909828940569848174382224682362558460739162851 ] ],
    [ 500, [ 7, 2161, 4001, 9125201, 5738108801, 10496059430146001, 9372625568572722938847095612481183137496995522804466421273200001 ] ]
]
