c:\sys\ut\rpn\rpn.py -l100 -a150 -E 1 300 range octanacci factor 1 enumerate -s1
[
    [ 1, [ 0 ] ],
    [ 2, [ 0 ] ],
    [ 3, [ 0 ] ],
    [ 4, [ 0 ] ],
    [ 5, [ 0 ] ],
    [ 6, [ 0 ] ],
    [ 7, [ 1 ] ],
    [ 8, [ 1 ] ],
    [ 9, [ 2 ] ],
    [ 10, [ 2, 2 ] ],
    [ 11, [ 2, 2, 2 ] ],
    [ 12, [ 2, 2, 2, 2 ] ],
    [ 13, [ 2, 2, 2, 2, 2 ] ],
    [ 14, [ 2, 2, 2, 2, 2, 2 ] ],
    [ 15, [ 2, 2, 2, 2, 2, 2, 2 ] ],
    [ 16, [ 3, 5, 17 ] ],
    [ 17, [ 509 ] ],
    [ 18, [ 2, 2, 2, 127 ] ],
    [ 19, [ 2, 2, 3, 13, 13 ] ],
    [ 20, [ 2, 2, 2, 2, 11, 23 ] ],
    [ 21, [ 2, 2, 2, 2, 5, 101 ] ],
    [ 22, [ 2, 2, 2, 2, 2, 2, 2, 2, 3, 3, 7 ] ],
    [ 23, [ 2, 2, 2, 2, 2, 2, 503 ] ],
    [ 24, [ 2, 2, 2, 2, 2, 2, 2, 2, 251 ] ],
    [ 25, [ 128257 ] ],
    [ 26, [ 3, 3, 5, 5689 ] ],
    [ 27, [ 2, 11, 23227 ] ],
    [ 28, [ 2, 2, 2, 5, 43, 593 ] ],
    [ 29, [ 2, 2, 2, 2, 2, 3, 3, 7069 ] ],
    [ 30, [ 2, 2, 2, 2, 11, 11, 2099 ] ],
    [ 31, [ 2, 2, 2, 2, 2, 5, 5, 10139 ] ],
    [ 32, [ 2, 2, 2, 2, 2, 2, 2, 2, 3, 3, 7027 ] ],
    [ 33, [ 2, 2, 2, 2, 2, 2, 2, 2, 5, 25247 ] ],
    [ 34, [ 13, 4961851 ] ],
    [ 35, [ 1093, 117797 ] ],
    [ 36, [ 2, 2, 2, 2, 2, 3, 41, 65293 ] ],
    [ 37, [ 2, 2, 2, 64120817 ] ],
    [ 38, [ 2, 2, 2, 2, 5, 5, 29, 61, 1447 ] ],
    [ 39, [ 2, 2, 2, 2, 59, 127, 17047 ] ],
    [ 40, [ 2, 2, 2, 2, 2, 2, 2, 2, 2, 3, 2655827 ] ],
    [ 41, [ 2, 2, 2, 2, 2, 2, 2, 2, 3, 61, 173807 ] ],
    [ 42, [ 2, 2, 2, 2, 2, 2, 2, 2, 11, 11, 59, 8893 ] ],
    [ 43, [ 3, 599, 18052813 ] ],
    [ 44, [ 15671, 4132031 ] ],
    [ 45, [ 2, 11, 71, 82745917 ] ],
    [ 46, [ 2, 2, 3, 3, 7166257727 ] ],
    [ 47, [ 2, 2, 2, 67, 263, 3652933 ] ],
    [ 48, [ 2, 2, 2, 2, 2, 3, 3, 31973, 111623 ] ],
    [ 49, [ 2, 2, 2, 2, 2, 2, 3, 31, 613, 562307 ] ],
    [ 50, [ 2, 2, 2, 2, 2, 2, 2, 3, 13, 1249, 656791 ] ],
    [ 51, [ 2, 2, 2, 2, 2, 2, 2, 2, 2, 71, 3181, 70687 ] ],
    [ 52, [ 1063, 15348487529 ] ],
    [ 53, [ 3, 11, 3323, 296976367 ] ],
    [ 54, [ 2, 2, 2, 7, 7, 11, 67, 67, 239, 14051 ] ],
    [ 55, [ 2, 2, 131, 859, 288254677 ] ],
    [ 56, [ 2, 2, 2, 2, 2, 3, 5, 1327, 2833, 143519 ] ],
    [ 57, [ 2, 2, 2, 2, 2, 3, 757, 4679, 1520251 ] ],
    [ 58, [ 2, 2, 2, 2, 2, 2, 2, 2, 2, 2, 3, 3, 3, 11, 13, 3833, 68087 ] ],
    [ 59, [ 2, 2, 2, 2, 2, 2, 2, 3, 5, 13, 43, 1918920847 ] ],
    [ 60, [ 2, 2, 2, 2, 2, 2, 2, 2, 173, 92822091577 ] ],
    [ 61, [ 5, 5, 677, 484815015733 ] ],
    [ 62, [ 53, 2267, 4111, 33158677 ] ],
    [ 63, [ 2, 1427, 5987, 1913269529 ] ],
    [ 64, [ 2, 2, 2, 2, 3, 877, 5693, 10193, 26713 ] ],
    [ 65, [ 2, 2, 2, 2, 2, 2, 2, 3, 3, 347, 325830751511 ] ],
    [ 66, [ 2, 2, 2, 2, 2, 3, 5, 541626752996171 ] ],
    [ 67, [ 2, 2, 2, 2, 2, 2, 3, 2702759716898023 ] ],
    [ 68, [ 2, 2, 2, 2, 2, 2, 2, 2, 3, 401, 1123, 2994957323 ] ],
    [ 69, [ 2, 2, 2, 2, 2, 2, 2, 2, 11, 379, 25643, 75544459 ] ],
    [ 70, [ 3, 59, 7349, 3172554676307 ] ],
    [ 71, [ 5, 5, 257003, 1282034607499 ] ],
    [ 72, [ 2, 2, 2, 2, 2, 2, 2, 3, 3, 14272261432521479 ] ],
    [ 73, [ 2, 2, 2, 2, 3, 11, 13, 31, 173, 145637, 6121471 ] ],
    [ 74, [ 2, 2, 2, 2, 2, 3, 7, 18679, 5218636150163 ] ],
    [ 75, [ 2, 2, 2, 2, 2, 3, 3, 3, 3, 42019, 1200512053471 ] ],
    [ 76, [ 2, 2, 2, 2, 2, 2, 2, 2, 2, 3, 5, 5, 7, 27701, 35050147019 ] ],
    [ 77, [ 2, 2, 2, 2, 2, 2, 2, 2, 3, 3, 179, 6171911, 204657053 ] ],
    [ 78, [ 2, 2, 2, 2, 2, 2, 2, 2, 4061712995030998673 ] ],
    [ 79, [ 5, 53, 373, 178903, 117366509779 ] ],
    [ 80, [ 3, 5, 7, 29, 99020567, 13739506507 ] ],
    [ 81, [ 2, 3, 41, 79951049, 420428247563 ] ],
    [ 82, [ 2, 2, 3, 3, 5, 29, 40531, 1483231, 52595897 ] ],
    [ 83, [ 2, 2, 2, 3, 5641, 243342777982680379 ] ],
    [ 84, [ 2, 2, 2, 2, 3, 11, 2531, 2304389, 21353607857 ] ],
    [ 85, [ 2, 2, 2, 2, 2, 3, 3, 8610557, 52929368370883 ] ],
    [ 86, [ 2, 2, 2, 2, 2, 2, 3, 3, 3, 13, 79, 276953, 533049463571 ] ],
    [ 87, [ 2, 2, 2, 2, 2, 2, 2, 592367, 6896905272815143 ] ],
    [ 88, [ 19, 19, 101, 28628186162471686811 ] ],
    [ 89, [ 155671, 37137931, 360383010737 ] ],
    [ 90, [ 2, 2, 2, 17, 57488843, 531905613657989 ] ],
    [ 91, [ 2, 2, 179, 11593414119103899409669 ] ],
    [ 92, [ 2, 2, 2, 2, 31, 3761, 8881916432176570637 ] ],
    [ 93, [ 2, 2, 2, 2, 5, 89, 678593, 6844939984247923 ] ],
    [ 94, [ 2, 2, 2, 2, 2, 2, 2, 2, 17, 199, 2447, 31149451395677647 ] ],
    [ 95, [ 2, 2, 2, 2, 2, 2, 11, 1913, 8191, 475907, 25098456139 ] ],
    [ 96, [ 2, 2, 2, 2, 2, 2, 2, 2, 2, 3, 101, 821, 6337, 110183, 2957378629 ] ],
    [ 97, [ 13, 101, 397, 1423, 17291, 25219, 1623006251 ] ],
    [ 98, [ 8810616510041, 118929425328157 ] ],
    [ 99, [ 2, 3, 37, 9421281179464585127107991 ] ],
    [ 100, [ 2, 2, 2, 5, 5, 5, 5, 5, 5, 33397983673383979235669 ] ],
    [ 101, [ 2, 2, 2, 2, 2, 7, 313, 118851652984454764265219 ] ],
    [ 102, [ 2, 2, 2, 2, 3, 3, 3914377640839, 29507994175411 ] ],
    [ 103, [ 2, 2, 2, 2, 2, 5, 59, 311, 1751791, 2811539, 2296008217 ] ],
    [ 104, [ 2, 2, 2, 2, 2, 2, 2, 2, 2, 41, 79, 293, 9020527, 15118862078473 ] ],
    [ 105, [ 2, 2, 2, 2, 2, 2, 2, 2, 2, 53, 15241, 319821438791467396429 ] ],
    [ 106, [ 3, 3, 3, 17, 19, 17496439, 1730287355098330409 ] ],
    [ 107, [ 5, 7, 11, 13, 3329, 853101937, 37075131790877 ] ],
    [ 108, [ 2, 2, 2, 2, 2, 32887574479, 999509684858079961 ] ],
    [ 109, [ 2, 2, 2, 3, 3, 31, 157, 631, 9495393097568730644839 ] ],
    [ 110, [ 2, 2, 2, 2, 13, 17, 43, 246088629179, 112003401620237 ] ],
    [ 111, [ 2, 2, 2, 2, 29, 479, 509, 323957, 228250715660171719 ] ],
    [ 112, [ 2, 2, 2, 2, 2, 2, 2, 2, 2, 2, 3, 3, 3, 7, 23, 127, 1409, 3557, 5893183140344923 ] ],
    [ 113, [ 2, 2, 2, 2, 2, 2, 2, 2, 2, 47, 317, 36913, 118358379674985606461 ] ],
    [ 114, [ 2, 2, 2, 2, 2, 2, 2, 2, 2, 179, 725854818132284785027874743 ] ],
    [ 115, [ 7, 11, 11, 11, 97, 7907, 18581488821757179905999 ] ],
    [ 116, [ 3, 3, 7, 11, 2017, 2329975489, 81379855220219701 ] ],
    [ 117, [ 2, 5, 52902320112202856902022066670421 ] ],
    [ 118, [ 2, 2, 7, 5059757249, 7453398258043924786357 ] ],
    [ 119, [ 2, 2, 2, 6252163, 42139471279999668151001851 ] ],
    [ 120, [ 2, 2, 2, 2, 2, 2, 3, 11, 13, 19, 23, 71, 11962737533, 412827915010781 ] ],
    [ 121, [ 2, 2, 2, 2, 2, 2, 2, 3, 23, 113, 8414077337162214715188439163 ] ],
    [ 122, [ 2, 2, 2, 2, 2, 2, 2, 2, 19, 149, 2273, 5407, 24014756141, 78360555037 ] ],
    [ 123, [ 2, 2, 2, 2, 2, 2, 2, 2, 2, 2, 2, 3, 5, 5, 13, 17, 97774801, 812201777, 12410928683 ] ],
    [ 124, [ 82781, 1059902334871, 761113542214533293 ] ],
    [ 125, [ 133294824621464999938178340471931877 ] ],
    [ 126, [ 2, 2, 2, 3, 11, 17, 5209, 9551, 14561, 349831, 1596313, 146540279 ] ],
    [ 127, [ 2, 2, 59969030351, 2213914841423300064501671 ] ],
    [ 128, [ 2, 2, 2, 2, 2, 2, 3, 3, 19, 137317950652543, 705361665176460967 ] ],
    [ 129, [ 2, 2, 2, 2, 2, 2, 3, 19, 2887, 200900472553652432139633723577 ] ],
    [ 130, [ 2, 2, 2, 2, 2, 2, 2, 2, 2, 2, 2, 2, 3, 13, 41, 103, 181, 1630185157883, 21217233056821 ] ],
    [ 131, [ 2, 2, 2, 2, 2, 2, 2, 2, 5, 39623237, 166210054606676136833918191 ] ],
    [ 132, [ 2, 2, 2, 2, 2, 2, 2, 2, 2, 5, 6572711496137302481358511907533607 ] ],
    [ 133, [ 3, 179, 37699, 5168803, 320965061429066077049473 ] ],
    [ 134, [ 7, 43, 59, 2843, 2851101667103, 465705220293703847 ] ],
    [ 135, [ 2, 5, 16189, 61297, 52330571, 257674701615709849123 ] ],
    [ 136, [ 2, 2, 2, 2, 2, 3, 11, 13, 24097, 69355661, 11641304681055554108771 ] ],
    [ 137, [ 2, 2, 2, 2, 2, 2, 2, 2, 2, 3, 53, 277, 1171, 7946841502519, 2540521295416067 ] ],
    [ 138, [ 2, 2, 2, 2, 2, 2, 3, 3, 3, 23, 12757, 44137531, 47551070235382444954123 ] ],
    [ 139, [ 2, 2, 2, 2, 2, 2, 2, 3, 19, 233, 241, 3797, 3875908321, 352276684665251077 ] ],
    [ 140, [ 2, 2, 2, 2, 2, 2, 2, 2, 2, 17, 157, 179, 17167, 82800422273, 12193393206965417 ] ],
    [ 141, [ 2, 2, 2, 2, 2, 2, 2, 2, 2, 19, 191, 4554424377552370701326747211633371 ] ],
    [ 142, [ 73, 18538769, 155319211025597, 80357944021228771 ] ],
    [ 143, [ 11, 1103, 1304350033621443229, 2130407661888391153 ] ],
    [ 144, [ 2, 2, 2, 2, 2, 2, 2, 2, 2, 3, 29, 101, 421, 113983, 4151080117, 75092835878790643 ] ],
    [ 145, [ 2, 2, 2, 2, 2, 3, 3, 9844598855821, 47377178879815780494351121 ] ],
    [ 146, [ 2, 2, 2, 2, 2, 2, 3, 7, 37, 293, 18401719936611875887834170126238097 ] ],
    [ 147, [ 2, 2, 2, 2, 2, 2, 3, 19, 463, 769, 155363093, 2652066023985085699043659 ] ],
    [ 148, [ 2, 2, 2, 2, 2, 2, 2, 2, 2, 2, 3, 13, 19, 7253, 219223, 71690341, 12350344361967184687 ] ],
    [ 149, [ 2, 2, 2, 2, 2, 2, 2, 2, 2, 5, 5, 5, 313, 509, 709, 16921, 707969, 2130509, 11556252535979 ] ],
    [ 150, [ 2, 2, 2, 2, 2, 2, 2, 2, 2, 3, 1373591, 72808803113, 27705358230140208696259 ] ],
    [ 151, [ 5, 2477, 1887878449861, 363323588664687557247690029 ] ],
    [ 152, [ 3, 3, 3, 3, 179, 821, 3597098837, 2541586416409, 155808984661787 ] ],
    [ 153, [ 2, 3, 241, 1626897581232542369, 14386984338481643146459 ] ],
    [ 154, [ 2, 2, 3, 37, 79, 179, 234671220919, 45850351888860095647882549 ] ],
    [ 155, [ 2, 2, 2, 3, 3, 5, 37, 163, 2530039, 24547873373172871778584081944029 ] ],
    [ 156, [ 2, 2, 2, 2, 3, 11, 13, 31, 7603, 243343, 3224649981313, 212019029521024811 ] ],
    [ 157, [ 2, 2, 2, 2, 2, 3, 3, 13, 17, 6133, 2524199, 545238161887979540134382966579 ] ],
    [ 158, [ 2, 2, 2, 2, 2, 2, 7, 7, 19, 26585509, 676955697820695278665135792300763 ] ],
    [ 159, [ 2, 2, 2, 2, 2, 2, 2, 25657, 196799, 3311795200963690397723926279760191 ] ],
    [ 160, [ 3, 7, 29, 7369, 952014746439003107465881071412385641703 ] ],
    [ 161, [ 3, 46576837, 61030313165457500332207702465177174547 ] ],
    [ 162, [ 2, 2, 2, 3, 3, 3, 3, 7, 7, 1361, 52807, 7459048999001874835363882164423817 ] ],
    [ 163, [ 2, 2, 3, 11, 749471, 343433553664069945008080489434413375421 ] ],
    [ 164, [ 2, 2, 2, 2, 3, 113, 157, 6351509, 12538412624132757497356357447881347 ] ],
    [ 165, [ 2, 2, 2, 2, 3, 3, 3, 3, 3, 5, 4946399, 786441088019778889, 1790006171633560477 ] ],
    [ 166, [ 2, 2, 2, 2, 2, 2, 2, 2, 3, 3, 19, 829, 7445311022359775465035643978878086104249 ] ],
    [ 167, [ 2, 2, 2, 2, 2, 2, 19, 97, 269, 491, 3061, 11309368656420290127923596619716003 ] ],
    [ 168, [ 2, 2, 2, 2, 2, 2, 2, 2, 53, 220333, 375049, 960118192112045831020305677091869 ] ],
    [ 169, [ 5, 109, 10087374497, 20394633786773, 19163942368031513393917 ] ],
    [ 170, [ 7741, 53047, 560293, 47419223, 393111012068503223471882021 ] ],
    [ 171, [ 2, 196993, 694987, 31264579042908207790719060633591275419 ] ],
    [ 172, [ 2, 2, 2, 7, 4702807, 60534220391, 13957007620513, 76796057522462389 ] ],
    [ 173, [ 2, 2, 2, 2, 2, 53, 199, 685001, 5169464299, 2182711413787, 13074729385502047 ] ],
    [ 174, [ 2, 2, 2, 2, 104281, 40802507163741494217602894315875674465755623 ] ],
    [ 175, [ 2, 2, 2, 2, 2, 5, 3823, 222154471921547327398622208700780380857914949 ] ],
    [ 176, [ 2, 2, 2, 2, 2, 2, 2, 2, 3, 887, 105642083, 76464584369, 169864579069, 290176144795247 ] ],
    [ 177, [ 2, 2, 2, 2, 2, 2, 2, 2, 19, 67, 73, 773, 1217, 2447, 9885956886376728897132675580530031 ] ],
    [ 178, [ 37, 142193, 205400436700115999894016182521250253731853571 ] ],
    [ 179, [ 3, 7, 16674418231987, 57026523331617409, 108019395971923987063 ] ],
    [ 180, [ 2, 2, 2, 2, 2, 5, 26908901145801119838616499295623046211398238124731 ] ],
    [ 181, [ 2, 2, 2, 101, 59132264722529, 1501038518737609, 119827240125968453657 ] ],
    [ 182, [ 2, 2, 2, 2, 3, 3, 29, 47, 127, 4003099, 77133961, 95130247, 23427607002389531243219 ] ],
    [ 183, [ 2, 2, 2, 2, 43, 10930229, 104803099, 43443627879582315725306511011818291 ] ],
    [ 184, [ 2, 2, 2, 2, 2, 2, 2, 2, 2, 7, 401, 128837, 160541, 2299038738136489203459821055334204097 ] ],
    [ 185, [ 2, 2, 2, 2, 2, 2, 2, 2, 373, 135955493, 10507683790867832637528965584181207631959 ] ],
    [ 186, [ 2, 2, 2, 2, 2, 2, 2, 2, 3, 3, 118178207252582968457940155222236130494439698072081 ] ],
    [ 187, [ 11, 31, 25111, 71263, 6322411, 408656257, 49654936231, 6942268384340777 ] ],
    [ 188, [ 5, 659, 3617, 6779, 13427184384751558739775564605518388257227029 ] ],
    [ 189, [ 2, 3, 3, 3, 5, 10159, 243214504681, 477212213728843363, 6801521714913710563 ] ],
    [ 190, [ 2, 2, 7, 2352079, 636364033, 103127287567849630167669255132717679319 ] ],
    [ 191, [ 2, 2, 2, 5, 157039894044577861, 1373366636130582552872595768289092289 ] ],
    [ 192, [ 2, 2, 2, 2, 2, 3, 3, 3, 21443729, 3711660409238066347, 250404143838847895086470961 ] ],
    [ 193, [ 2, 2, 2, 2, 2, 2, 15104927, 196245109, 181173082403194629107285413188864695219 ] ],
    [ 194, [ 2, 2, 2, 2, 2, 2, 2, 5, 742937133843422661029629, 144286733231638623131584488547 ] ],
    [ 195, [ 2, 2, 2, 2, 2, 2, 2, 2, 2, 90506888653, 104500884699698049007, 28278358645151882531983 ] ],
    [ 196, [ 3, 5, 89877254801, 179297248028581, 873729041544263, 1294200698284651 ] ],
    [ 197, [ 5, 5, 7, 3117614087539060574970530034088714318517261266812403387 ] ],
    [ 198, [ 2, 2, 2, 5, 37, 37, 331, 299333, 200715861318053956846798238730233684682139141 ] ],
    [ 199, [ 2, 2, 233, 257, 9074986974419293802836448738844880757598788631271589 ] ],
    [ 200, [ 2, 2, 2, 2, 2, 3, 3, 13, 29, 59, 4289411561372376797, 157898789095185399018071450623819 ] ],
    [ 201, [ 2, 2, 2, 2, 2, 3, 3, 41, 139, 211, 2537099289870525241793363, 9856406906729572553693467 ] ],
    [ 202, [ 2, 2, 2, 2, 2, 2, 2, 2, 2, 2, 11, 1610608667, 33041844666070248559, 28836998207580723926160293 ] ],
    [ 203, [ 2, 2, 2, 2, 2, 2, 2, 3, 3, 3, 19, 439, 426404917, 2807050793516290637403333602148808950019231 ] ],
    [ 204, [ 2, 2, 2, 2, 2, 2, 2, 2, 29, 9276703759242855227067804550846727292201011511762772607 ] ],
    [ 205, [ 11, 12239, 1021081370124832764988779627056045066267487905905006829 ] ],
    [ 206, [ 3, 29, 730358138725639643, 4318283667307843725517504715627796323777 ] ],
    [ 207, [ 2, 1777, 143711, 1072324378976749112087382840557762989505899855267711 ] ],
    [ 208, [ 2, 2, 2, 2, 3, 3, 3, 19, 97, 757220257, 1813299868030516678686146526584591652575558201 ] ],
    [ 209, [ 2, 2, 2, 2, 2, 2, 2, 3, 3, 47981, 546759662483, 9153774234361, 7887689728149420723007024267 ] ],
    [ 210, [ 2, 2, 2, 2, 2, 3, 3, 15123178908950196920252002203258111017589404440320440408239 ] ],
    [ 211, [ 2, 2, 2, 2, 2, 2, 453314912383, 299655959168290000906112150563153974146074614409 ] ],
    [ 212, [ 2, 2, 2, 2, 2, 2, 2, 2, 1723, 3274127014271521, 12015710439171836066132911746321820507463 ] ],
    [ 213, [ 2, 2, 2, 2, 2, 2, 2, 2, 3, 3, 3, 5, 7, 23841799048096752838901, 6005189877627876612986662020510539 ] ],
    [ 214, [ 47, 340539589383898097, 4319558857300301181574951343505335992856641 ] ],
    [ 215, [ 409, 44328208610052368817204743, 7611472699925962133433485987396863 ] ],
    [ 216, [ 2, 2, 2, 2, 2, 2, 2, 3, 3, 7, 17, 41, 652119052751, 1311611514797, 57295972746541578766234022980603 ] ],
    [ 217, [ 2, 2, 2, 2, 3, 3, 13, 372289, 264473269, 11362616219, 31710640773481, 8278575939133885375733 ] ],
    [ 218, [ 2, 2, 2, 2, 2, 3, 3, 3, 433, 2933408238378321711089034212742739055520525458755150066633 ] ],
    [ 219, [ 2, 2, 2, 2, 2, 3, 3, 5, 7, 217310612125655131671115968071496513006421021068730269505837 ] ],
    [ 220, [ 2, 2, 2, 2, 2, 2, 2, 2, 2, 67103, 127261456836329875842154674013046536200178187963980445267 ] ],
    [ 221, [ 2, 2, 2, 2, 2, 2, 2, 2, 5, 5, 181, 113681263, 691125949, 3254122257649, 29467114176949766057876323217 ] ],
    [ 222, [ 2, 2, 2, 2, 2, 2, 2, 2, 5, 17, 983, 2179, 1291232472311, 289447199537515940244577270303602287880121 ] ],
    [ 223, [ 7, 22014830329, 4445180057117, 33249117631126192507, 1526609241584521097153 ] ],
    [ 224, [ 3, 3, 17, 139, 2207489, 13937184132333828216797, 106071388894584337903502964893351 ] ],
    [ 225, [ 2, 3, 3, 3, 3, 3, 3, 17, 211, 625407196107347, 42353920676214568045734971247646396165277537 ] ],
    [ 226, [ 2, 2, 3, 3, 23, 2399, 23227, 384673, 493193693, 31590012033522817772913299115400604617579 ] ],
    [ 227, [ 2, 2, 2, 3, 3, 21773, 24821, 128637469, 3691431604589, 29870856771230044983628682437721977 ] ],
    [ 228, [ 2, 2, 2, 2, 3, 3, 4682111464640321, 1633966379258235336112385209740530808636688761971 ] ],
    [ 229, [ 2, 2, 2, 2, 2, 11, 29, 107, 157, 1033, 5073307041323, 2446803639567603332620527216425632246062857 ] ],
    [ 230, [ 2, 2, 2, 2, 2, 2, 3, 103, 221944069822487516875689684539112905768393594966534071681921667 ] ],
    [ 231, [ 2, 2, 2, 2, 2, 2, 2, 1049, 25303, 103027287966819719, 20951044762145099557, 1194631313029472177413 ] ],
    [ 232, [ 3, 3, 3, 29, 2689, 15131, 1096049903459457421, 500802072329843361053419485186803943311 ] ],
    [ 233, [ 3, 3, 19483069, 199060038645569658115105628699365812312664079819542852822793 ] ],
    [ 234, [ 2, 2, 2, 3, 3, 9887, 97871051110786335876248097557454362005132828731891539413818433 ] ],
    [ 235, [ 2, 2, 3, 3, 3, 5, 5171, 82889, 17358138771371, 34613877340639139518108660456305833898602921 ] ],
    [ 236, [ 2, 2, 2, 2, 3, 3, 7, 11, 245911, 101801634769990171420816156810448202040526570322187897661941 ] ],
    [ 237, [ 2, 2, 2, 2, 3, 3, 3, 19, 613, 523468381, 1338197233, 157197213107645894308578710186790484513689491 ] ],
    [ 238, [ 2, 2, 2, 2, 2, 2, 2, 2, 4319968718860131024849612962761156983007835137185422363701037495183 ] ],
    [ 239, [ 2, 2, 2, 2, 2, 2, 23, 433, 33863, 500443, 307971691, 5247475367, 47730174565403269, 2649463272814877867 ] ],
    [ 240, [ 2, 2, 2, 2, 2, 2, 2, 2, 2, 2, 3, 3, 103, 179, 16333, 19765162521578288758403, 80325999081827296168934703492852743 ] ],
    [ 241, [ 3, 3, 11, 19, 23, 344893, 13292966672089343, 44340399646136662310305115655745540084193813 ] ],
    [ 242, [ 3, 3, 3, 30291000071, 30903839816065201, 694544427813216774446705015970550030628777 ] ],
    [ 243, [ 2, 3, 3, 29, 53, 5998956204108031, 211122786238865147655092329202379445986843236852911 ] ],
    [ 244, [ 2, 2, 2, 3, 3, 487045459928607409, 575619145313174937162821, 3464872576070080755061130269 ] ],
    [ 245, [ 2, 2, 2, 2, 2, 3, 3, 3, 3, 1087, 5779, 15555745459901, 963756745299563, 571895027202031078687100260676327 ] ],
    [ 246, [ 2, 2, 2, 2, 3, 3, 3, 5, 3411951903982845628463, 37809634936665003657001937112894242259766756057 ] ],
    [ 247, [ 2, 2, 2, 2, 2, 23, 755698643401779717259162428935764085175105757875274427535712329340927 ] ],
    [ 248, [ 2, 2, 2, 2, 2, 2, 2, 2, 2, 2, 5, 19, 23, 191, 8126182213, 319685145302285491835796177057541310438144121163041347 ] ],
    [ 249, [ 2, 2, 2, 2, 2, 2, 2, 2, 2, 2, 227, 635729, 2361773, 10972867, 578635391934985539473286013887774707152791046513 ] ],
    [ 250, [ 4824037, 916891169208247888647390417336508640527225129526370561815672308243 ] ],
    [ 251, [ 7, 263, 3048077, 704343626851, 35280284626051, 37969694097502757, 1667486210096719871377 ] ],
    [ 252, [ 2, 2, 2, 2, 2, 5, 3164143, 37255597, 296211277, 3154233655216884720936367777733570967765662057797 ] ],
    [ 253, [ 2, 2, 2, 11, 1913, 8627, 1523153, 838306729018519, 17255648751263653, 1099246695614892859017012061 ] ],
    [ 254, [ 2, 2, 2, 2, 5, 12227, 4536047, 8372867861, 1889887802324475675227596497883434920861320756924657 ] ],
    [ 255, [ 2, 2, 2, 2, 5, 17, 157, 1879, 90599, 870293147, 9810533129, 6702746779991, 67369805776592750722211365157 ] ],
    [ 256, [ 2, 2, 2, 2, 2, 2, 2, 2, 2, 2, 2, 3, 7, 7, 103, 11933, 292892274322290661, 4325973480593797795309, 596631838148863782280903 ] ],
    [ 257, [ 2, 2, 2, 2, 2, 2, 2, 2, 2, 2, 53, 1093, 31206641, 223204564446647320343, 1351305619941407907999173785253282049277 ] ],
    [ 258, [ 2, 2, 2, 2, 2, 2, 2, 2, 2, 2, 19, 23, 29, 1163470921, 1163950759, 22510622839, 2817149822742767114043128148736293721193 ] ],
    [ 259, [ 3, 109, 1518277, 9629297, 624622781, 46768195578059121913073, 15928413746727585011063177159 ] ],
    [ 260, [ 11, 17, 23744335723517799685612457710443061278921393876280453882271681136281599387 ] ],
    [ 261, [ 2, 29, 41, 9029, 267699011, 695732895241, 5273410871079103, 420277880786538306862167266775293 ] ],
    [ 262, [ 2, 2, 3, 3, 409, 1177120923762997, 12949640455424014729, 78819136755663867824731387511717648839 ] ],
    [ 263, [ 2, 2, 2, 11, 7309, 898662559175645741793091861, 61089463590056280573289414352275041218232083 ] ],
    [ 264, [ 2, 2, 2, 2, 2, 2, 2, 79, 89, 1901, 2789, 23044817, 1724937907674707402141410349, 371592111707327912747192261717 ] ],
    [ 265, [ 2, 2, 2, 2, 2, 2, 2, 2, 461, 789979, 4328162524463, 348640823204517963101674026583532543189247867975068143 ] ],
    [ 266, [ 2, 2, 2, 2, 2, 2, 2, 2, 2, 3, 3, 541, 112640824713904815234254294561304007862445504975746495741240137055879077 ] ],
    [ 267, [ 2, 2, 2, 2, 2, 2, 2, 2, 2, 2, 2, 2, 2, 1906774683713192983, 7706725576102803870474509, 4656007407654097725596771192719 ] ],
    [ 268, [ 11, 17, 53, 112881487328526260553045651381705028616365312371204233226876991460364793081 ] ],
    [ 269, [ 3, 3, 11, 17, 439, 4447, 2190018503035675068259813381, 310344440934554989702331899318965651209507 ] ],
    [ 270, [ 2, 2, 2, 557166317856256403815859744106341610671685033462261644889435775669657338236191 ] ],
    [ 271, [ 2, 2, 7, 61, 317, 2731, 9952173079, 604582279060669804454416700629253799718990773444722192534267 ] ],
    [ 272, [ 2, 2, 2, 2, 2, 2, 2, 3, 3, 5, 142873, 5207501617, 110789821428911146987779967, 37403096708690942267999307363398449 ] ],
    [ 273, [ 2, 2, 2, 2, 2, 2, 2, 53, 1627, 163753, 1212877, 175426860540717479, 874113896278918201, 105446767502826727606389659 ] ],
    [ 274, [ 2, 2, 2, 2, 2, 2, 2, 2, 2, 2, 2, 2, 2, 2, 5, 5, 736061, 411857617545173027494411, 569801079000319978371211354344053247715261493 ] ],
    [ 275, [ 2, 2, 2, 2, 2, 2, 2, 2, 2, 983, 3765421861451, 68123476794587, 4000047783304644091, 273471670786886791891584044267 ] ],
    [ 276, [ 2, 2, 2, 2, 2, 2, 2, 2, 2, 2, 3, 13, 13, 23, 23, 47819, 383828971, 150200853031, 372309860893112212220626782068573261800939319699 ] ],
    [ 277, [ 19, 257, 5507, 34217, 172489, 251614478166117556729, 14089816157931165089218329691582850501919329 ] ],
    [ 278, [ 56101, 991889, 1281809, 46444444842385619, 339017908726675287262778736652178407788967633507 ] ],
    [ 279, [ 2, 67, 1847, 7673, 371869, 3049092532902173379169, 1041077974713790146188659319903828281880600377 ] ],
    [ 280, [ 2, 2, 2, 2, 2, 2, 3, 7043, 86689, 5025107, 7595910308103692501547221017878018403931751416525109741467102401 ] ],
    [ 281, [ 2, 2, 2, 2, 2, 2, 2, 2, 2, 2, 2, 3, 7, 58943, 5131192095465701, 686618682536155126159812132598052848466501252312580485059 ] ],
    [ 282, [ 2, 2, 2, 2, 2, 2, 2, 19, 59, 116141, 26454683, 1059773865047, 1337047430808086089, 28537700107641524419958382472419217 ] ],
    [ 283, [ 2, 2, 2, 2, 2, 2, 2, 2, 3, 11, 1577903, 2669413226714935363590708575829850612288519503191479757224714163560813007 ] ],
    [ 284, [ 2, 2, 2, 2, 2, 2, 2, 2, 2, 2, 13, 281867, 65690497134621077, 2863430526931887552638407, 100633040568836058454570951428337 ] ],
    [ 285, [ 2, 2, 2, 2, 2, 2, 2, 2, 2, 2, 13, 709, 18135922159, 828238605901394513419978850660538309684104152478930936203142674421 ] ],
    [ 286, [ 3, 3, 3, 23, 109037, 494077, 52890612779119, 445957588873698965588729, 358607765155339965281116901914469 ] ],
    [ 287, [ 43, 43, 9137, 21192833, 1577574026616428336826525993161476101916569933211331218878601909287961 ] ],
    [ 288, [ 2, 2, 2, 2, 2, 2, 2, 2, 2, 2, 2, 3, 3, 5, 5, 13, 1423, 4601164452394598989907, 28744723914931745016605445148893491947271317668833903 ] ],
    [ 289, [ 2, 2, 2, 2, 2, 2, 3, 365117565933853, 32101105227816624361615472119004034170196292772377281527089725871187 ] ],
    [ 290, [ 2, 2, 2, 2, 2, 2, 2, 3, 408037963918020977, 28667476578032490611053969336595295961956480456152744528969124071 ] ],
    [ 291, [ 2, 2, 2, 2, 2, 2, 2, 20333, 248280479467, 668807318415156593, 20745961192093201516107171360374230468312034331383 ] ],
    [ 292, [ 2, 2, 2, 2, 2, 2, 2, 2, 2, 2, 2, 137, 25367, 1890132673284721232508584293289, 1330282833412272837266433156893115507400865567 ] ],
    [ 293, [ 2, 2, 2, 2, 2, 2, 2, 2, 2, 2, 3, 5, 461, 20483, 120677, 717151, 1938633422822785093, 15051678305568460333, 97526307734590309841839693 ] ],
    [ 294, [ 2, 2, 2, 2, 2, 2, 2, 2, 2, 2, 73, 2341, 26539, 120017, 127920160343310443508046270009016713454353202171261877360056222026733 ] ],
    [ 295, [ 5, 13, 443, 1765779833, 27785611341453061, 661632974670789487, 152253447187284303556651736621935549729 ] ],
    [ 296, [ 3, 1534499, 1951275140728679020777, 31624146465014603142999560056364211114854744772704597178289 ] ],
    [ 297, [ 2, 3, 7, 7, 8821, 6677611, 38634007, 6096895747769, 139004134633294930823362905156673410665107635665201011 ] ],
    [ 298, [ 2, 2, 3, 3, 3, 827, 85703, 6013081, 195512209, 11475666634937, 10959372313635846927847609943514224661605600842463 ] ],
    [ 299, [ 2, 2, 2, 3, 223, 239, 6615541, 6582758068552223, 229379476178922900053, 176801249646723148257903287760998643373 ] ],
    [ 300, [ 2, 2, 2, 2, 5, 5, 5, 5, 5, 11, 53, 139380433058977773512894709759010285513, 1109823980204785612815698624605631338648363 ] ]
]
