c:\sys\ut\rpn\rpn.py -l100 -a150 -E 1 400 range pentanacci factor 1 enumerate -s1
[
    [ 1, [ 0 ] ],
    [ 2, [ 0 ] ],
    [ 3, [ 0 ] ],
    [ 4, [ 1 ] ],
    [ 5, [ 1 ] ],
    [ 6, [ 2 ] ],
    [ 7, [ 2, 2 ] ],
    [ 8, [ 2, 2, 2 ] ],
    [ 9, [ 2, 2, 2, 2 ] ],
    [ 10, [ 31 ] ],
    [ 11, [ 61 ] ],
    [ 12, [ 2, 2, 2, 3, 5 ] ],
    [ 13, [ 2, 2, 59 ] ],
    [ 14, [ 2, 2, 2, 2, 29 ] ],
    [ 15, [ 2, 2, 2, 2, 3, 19 ] ],
    [ 16, [ 11, 163 ] ],
    [ 17, [ 3, 5, 5, 47 ] ],
    [ 18, [ 2, 3, 3, 5, 7, 11 ] ],
    [ 19, [ 2, 2, 2, 13, 131 ] ],
    [ 20, [ 2, 2, 2, 2, 2, 3, 3, 3, 31 ] ],
    [ 21, [ 2, 2, 2, 2, 3, 1097 ] ],
    [ 22, [ 13, 7963 ] ],
    [ 23, [ 113, 1801 ] ],
    [ 24, [ 2, 2, 2, 2, 2, 12503 ] ],
    [ 25, [ 2, 2, 2, 98321 ] ],
    [ 26, [ 2, 2, 2, 2, 127, 761 ] ],
    [ 27, [ 2, 2, 2, 2, 11, 23, 751 ] ],
    [ 28, [ 5976577 ] ],
    [ 29, [ 3, 173, 22639 ] ],
    [ 30, [ 2, 11, 1049963 ] ],
    [ 31, [ 2, 2, 3, 3, 227, 5557 ] ],
    [ 32, [ 2, 2, 2, 11159657 ] ],
    [ 33, [ 2, 2, 2, 2, 2, 1721, 3187 ] ],
    [ 34, [ 7, 31, 41, 38783 ] ],
    [ 35, [ 673, 1007957 ] ],
    [ 36, [ 2, 2, 2, 7, 29, 41, 20029 ] ],
    [ 37, [ 2, 2, 655452517 ] ],
    [ 38, [ 2, 2, 2, 2, 2, 5, 17, 41, 46219 ] ],
    [ 39, [ 2, 2, 2, 2, 2, 271, 1168493 ] ],
    [ 40, [ 577, 2887, 11959 ] ],
    [ 41, [ 3, 13054741807 ] ],
    [ 42, [ 2, 38497419953 ] ],
    [ 43, [ 2, 2, 2, 2, 7, 13, 23, 4520063 ] ],
    [ 44, [ 2, 2, 2, 2, 2, 2, 2, 233, 9977917 ] ],
    [ 45, [ 2, 2, 2, 2, 2, 5, 107, 34172291 ] ],
    [ 46, [ 455933, 2522603 ] ],
    [ 47, [ 13, 83, 9239, 226817 ] ],
    [ 48, [ 2, 2, 2, 2, 2, 2, 2, 3, 11, 23, 45755399 ] ],
    [ 49, [ 2, 2, 2, 2, 23, 1867, 12719617 ] ],
    [ 50, [ 2, 2, 2, 2, 2, 3, 19, 89, 105833561 ] ],
    [ 51, [ 2, 2, 2, 2, 2, 14627, 72161423 ] ],
    [ 52, [ 3, 5, 29, 47, 101, 4549, 7069 ] ],
    [ 53, [ 31, 4211073212623 ] ],
    [ 54, [ 2, 7, 1319, 13898045633 ] ],
    [ 55, [ 2, 2, 53, 1093, 2177422069 ] ],
    [ 56, [ 2, 2, 2, 193, 207719, 3092767 ] ],
    [ 57, [ 2, 2, 2, 2, 3, 431, 94259317979 ] ],
    [ 58, [ 3, 467, 2736382119959 ] ],
    [ 59, [ 5, 1507359886106761 ] ],
    [ 60, [ 2, 2, 2, 41, 1987, 4219, 5388623 ] ],
    [ 61, [ 2, 2, 5, 13, 439, 429101, 594749 ] ],
    [ 62, [ 2, 2, 2, 2, 3, 3, 3, 7, 29, 29, 43, 2549, 205441 ] ],
    [ 63, [ 2, 2, 2, 2, 3, 89, 643, 40985765959 ] ],
    [ 64, [ 3, 3, 4412567, 5573314223 ] ],
    [ 65, [ 19, 281, 7559, 32429, 332477 ] ],
    [ 66, [ 2, 3, 13721, 70111, 148206869 ] ],
    [ 67, [ 2, 2, 2, 7, 14869, 2019732244847 ] ],
    [ 68, [ 2, 2, 2, 2, 2, 7, 7, 641, 20143, 163307987 ] ],
    [ 69, [ 2, 2, 2, 2, 406244750611459597 ] ],
    [ 70, [ 5, 37, 19429, 3555147687499 ] ],
    [ 71, [ 3, 13, 211, 467, 661, 35407, 279317 ] ],
    [ 72, [ 2, 2, 2, 2, 2, 3, 3, 5, 2621, 1996177, 6555343 ] ],
    [ 73, [ 2, 2, 2, 11, 971, 5741, 197927714879 ] ],
    [ 74, [ 2, 2, 2, 2, 13, 13, 238781, 295638972589 ] ],
    [ 75, [ 2, 2, 2, 2, 3, 5, 19, 23, 3578059335628399 ] ],
    [ 76, [ 5, 7789, 517457, 36608869777 ] ],
    [ 77, [ 7, 53, 73, 509, 105213101311559 ] ],
    [ 78, [ 2, 13399, 400849, 265444215503 ] ],
    [ 79, [ 2, 2, 3, 5, 23, 71, 131, 436736813335103 ] ],
    [ 80, [ 2, 2, 2, 619, 23011, 3201043, 30212939 ] ],
    [ 81, [ 2, 2, 2, 2, 2, 2, 11, 30775139480581336717 ] ],
    [ 82, [ 3, 53, 33997, 7879652192920997 ] ],
    [ 83, [ 53, 89, 2027, 5425993, 1614053747 ] ],
    [ 84, [ 2, 2, 2, 11, 9467, 197603155669320407 ] ],
    [ 85, [ 2, 2, 5927, 4488791, 3041142008393 ] ],
    [ 86, [ 2, 2, 2, 2, 2, 2, 3, 3, 1051, 1051012504385600689 ] ],
    [ 87, [ 2, 2, 2, 2, 2, 2, 5, 7, 131, 10099, 820597, 514372273 ] ],
    [ 88, [ 31, 79325998253879232330719 ] ],
    [ 89, [ 3, 149, 10103, 1070511759748872629 ] ],
    [ 90, [ 2, 70099, 79559, 476659, 1787649887 ] ],
    [ 91, [ 2, 2, 2, 2, 2, 673, 1489, 3089, 188632198888043 ] ],
    [ 92, [ 2, 2, 2, 2, 2, 2, 2, 2, 2, 1057781, 60003887, 1130369543 ] ],
    [ 93, [ 2, 2, 2, 2, 2, 2, 97, 2477, 3877, 230471, 5255908927 ] ],
    [ 94, [ 3, 3, 11, 11, 43, 3008623, 1007733289833619 ] ],
    [ 95, [ 3, 96451, 208222337, 4632617940569 ] ],
    [ 96, [ 2, 2, 2, 2, 2, 2, 2, 2, 2, 2, 29, 4519, 4088966697925274813 ] ],
    [ 97, [ 2, 2, 2, 2, 2, 3, 3, 3, 3, 3, 52333406597, 2650883796203 ] ],
    [ 98, [ 2, 2, 2, 2, 2, 2, 5, 7, 141871, 6673541699339223937 ] ],
    [ 99, [ 2, 2, 2, 2, 2, 2, 3, 3, 83, 31883, 2735333916347904169 ] ],
    [ 100, [ 3, 3, 103, 433, 353657, 57742062843497159 ] ],
    [ 101, [ 3, 7, 19, 29, 43, 30851, 59513, 1667279, 10579997 ] ],
    [ 102, [ 2, 29, 29, 146953, 4207961, 30458617530617 ] ],
    [ 103, [ 2, 2, 73, 193, 2543986411, 434413659537043 ] ],
    [ 104, [ 2, 2, 2, 3, 31, 59, 227, 147629, 26378161, 3155465977 ] ],
    [ 105, [ 2, 2, 2, 2, 3, 2347, 2136723126653847286830221 ] ],
    [ 106, [ 3, 31, 31, 1783, 7417, 1395124727, 8896872269 ] ],
    [ 107, [ 3, 3, 3671, 122609, 379093123, 605831128897 ] ],
    [ 108, [ 2, 2, 2, 5, 13, 13, 17, 23, 691982896502427512214061 ] ],
    [ 109, [ 2, 2, 898940404429319163791203396483 ] ],
    [ 110, [ 2, 2, 2, 2, 283559447557, 1558112697498775589 ] ],
    [ 111, [ 2, 2, 2, 2, 5, 11, 13, 1571, 1330443083, 581214633554383 ] ],
    [ 112, [ 24679255334911, 1107069987053428991 ] ],
    [ 113, [ 37, 59, 61, 910579157, 442973688668543731 ] ],
    [ 114, [ 2, 7, 73, 887759333, 2537417167, 45868366021 ] ],
    [ 115, [ 2, 2, 2, 2141, 2389, 100559, 9459199, 5333659075331 ] ],
    [ 116, [ 2, 2, 2, 2, 2, 3, 3, 79, 613, 1746719099353, 16752989662807 ] ],
    [ 117, [ 2, 2, 2, 2, 17, 11901496939, 247854625693027472029 ] ],
    [ 118, [ 13, 873984116563, 138832999959601466777 ] ],
    [ 119, [ 3, 3, 5, 29, 16381, 20247509, 7164553936543418689 ] ],
    [ 120, [ 2, 2, 2, 2, 2, 244859, 18933829, 41094079573102416089 ] ],
    [ 121, [ 2, 2, 2, 3, 3, 13, 317, 38372863, 2076110017, 507044596187 ] ],
    [ 122, [ 2, 2, 2, 2, 3, 3, 15581, 2800561, 7623585427, 491887501669 ] ],
    [ 123, [ 2, 2, 2, 2, 443, 1621, 43775671, 820233761, 112285277719 ] ],
    [ 124, [ 3, 952047276689, 31885431809512780171643 ] ],
    [ 125, [ 3, 59679186779819801209784450118494819 ] ],
    [ 126, [ 2, 11, 10837, 135910734331, 10862523194734941229 ] ],
    [ 127, [ 2, 2, 17, 19, 127, 2668907, 6132121139, 257678336200939 ] ],
    [ 128, [ 2, 2, 2, 7, 11, 76750591, 1490345771, 19306827098092169 ] ],
    [ 129, [ 2, 2, 2, 2, 2, 83576174356936958212447441634818313 ] ],
    [ 130, [ 31, 41, 4136747319656228920769138281849081 ] ],
    [ 131, [ 5, 37, 47, 353, 2689, 10776069853, 116220069696484751 ] ],
    [ 132, [ 2, 2, 2, 23, 7792008543306277, 14173641998966318653 ] ],
    [ 133, [ 2, 2, 3, 5, 665839461531888041803110608651071171 ] ],
    [ 134, [ 2, 2, 2, 2, 2, 313, 35111, 223334257331062262364824520251 ] ],
    [ 135, [ 2, 2, 2, 2, 2, 3, 3, 11, 48739353615874175783470100946250027 ] ],
    [ 136, [ 569, 99259, 192497, 560837, 580705133, 85731133723 ] ],
    [ 137, [ 53, 173, 174079, 232806663958333, 1605999227372959 ] ],
    [ 138, [ 2, 5, 17, 37, 12899, 84019037, 172106307312124084543487 ] ],
    [ 139, [ 2, 2, 2, 2, 5, 11, 267517, 9797588504084550733843622812907 ] ],
    [ 140, [ 2, 2, 2, 2, 2, 2, 2, 41, 11039023527209, 78270993481401515754877 ] ],
    [ 141, [ 2, 2, 2, 2, 2, 29, 227, 639257, 1298611346083, 50976368257340947 ] ],
    [ 142, [ 61, 107, 641, 72966263, 57408439588313245917723143 ] ],
    [ 143, [ 31, 41, 13313, 18959, 78427, 907957, 1508251530418731023 ] ],
    [ 144, [ 2, 2, 2, 2, 2, 2, 2, 529180310395301108500956495018203225381 ] ],
    [ 145, [ 2, 2, 2, 2, 3, 3, 7, 31, 257, 16581750484066660817715723143421031 ] ],
    [ 146, [ 2, 2, 2, 2, 2, 17, 17, 73, 5231, 40133786765599, 1847107890750544843 ] ],
    [ 147, [ 2, 2, 2, 2, 2, 509, 827, 2531, 114846539, 131445751939773124989041 ] ],
    [ 148, [ 5, 5, 19, 233, 610217, 19332784073, 774950080342638577739 ] ],
    [ 149, [ 1989179797398599794811479787771439644489521 ] ],
    [ 150, [ 2, 11, 91771, 629164952914213, 3078601317620610455029 ] ],
    [ 151, [ 2, 2, 251, 7657455547388237585698262144170512067183 ] ],
    [ 152, [ 2, 2, 2, 3, 15121, 41648419073643199706353061175101750099 ] ],
    [ 153, [ 2, 2, 2, 2, 8719, 1403185354748788241, 151796113038950991157 ] ],
    [ 154, [ 3, 3, 359, 242171, 74657826129470933239893247314480371 ] ],
    [ 155, [ 67, 277, 8087, 28921, 42122611, 344177963, 1824957892008029 ] ],
    [ 156, [ 2, 2, 2, 3, 13, 163, 4397, 34537, 29234476136345627922542243358527 ] ],
    [ 157, [ 2, 2, 89, 103, 36209, 244759, 35927777393, 38017004513897750591 ] ],
    [ 158, [ 2, 2, 2, 2, 31, 1759304734645094459733572776924322645629697 ] ],
    [ 159, [ 2, 2, 2, 2, 13, 33863, 36919, 1014584835287, 6502311414089496355673 ] ],
    [ 160, [ 2017, 7607, 3196664011, 68762332367278412403240548309 ] ],
    [ 161, [ 3, 240997, 9170776151266435550123190025058771549851 ] ],
    [ 162, [ 2, 3, 3, 724166712028382613801482689947298373150075473 ] ],
    [ 163, [ 2, 2, 2, 3203267108736504995620791701721145606815948553 ] ],
    [ 164, [ 2, 2, 2, 2, 2, 13, 59, 179, 2063, 149262340701987829, 37239802667547808043 ] ],
    [ 165, [ 2, 2, 2, 2, 11, 13, 8689, 95717, 9870701651, 5273080213903607855673409 ] ],
    [ 166, [ 3, 23, 587, 7907639287, 6936314737334197, 87646896738435283 ] ],
    [ 167, [ 3, 9257, 13784148324407317261373283218396901134870411 ] ],
    [ 168, [ 2, 2, 2, 2, 2, 3, 23, 139, 78441213419, 31259740058239218030829240555291 ] ],
    [ 169, [ 2, 2, 2, 17, 107, 101670024324185583878543848445610875438291261 ] ],
    [ 170, [ 2, 2, 2, 2, 3, 3, 29, 541, 1287448712004384317446067728818703060300213 ] ],
    [ 171, [ 2, 2, 2, 2, 5, 997, 132469, 306689, 73909379, 3218511260687, 7418354482849 ] ],
    [ 172, [ 11241696329548911284929550459702062135838997526529 ] ],
    [ 173, [ 11, 29, 400199, 33640897, 142770839, 36043766463427041302172199 ] ],
    [ 174, [ 2, 89, 6263, 17341, 1238785369, 1814276132671604625371688841051 ] ],
    [ 175, [ 2, 2, 3, 5, 73167881381759, 1458847548412753, 13337254714493807147 ] ],
    [ 176, [ 2, 2, 2, 3, 7, 7, 31, 149, 246018667, 3531339225593, 35584214278063075461323 ] ],
    [ 177, [ 2, 2, 2, 2, 2, 2, 2, 2579183687500774456640060777128436816201050657783 ] ],
    [ 178, [ 101, 222941, 28823917302040234754421151894921617934240559 ] ],
    [ 179, [ 3, 3, 23, 52067, 6314881, 18747282716916310705953230866759156249 ] ],
    [ 180, [ 2, 2, 2, 863, 3813617, 31485936983, 53401913603, 56662688882639323613 ] ],
    [ 181, [ 2, 2, 17, 19, 149, 18829103, 1360511272709811675260991768762657306433 ] ],
    [ 182, [ 2, 2, 2, 2, 2, 2, 2, 29, 43, 149, 55127, 7394785585675447613441288585930929861159 ] ],
    [ 183, [ 2, 2, 2, 2, 2, 2, 2, 3, 5, 5, 483211, 98986568059, 41508821449796657161030898848661 ] ],
    [ 184, [ 7, 271, 38463247237, 16972119456767711, 30258502896086762568539 ] ],
    [ 185, [ 73666302576706758839299120422550197113618385815703101 ] ],
    [ 186, [ 2, 3, 3, 7, 7, 43, 79872006047, 397035183037, 120414926537421216288705449 ] ],
    [ 187, [ 2, 2, 2, 2, 2, 2, 5, 137, 1759, 695809, 106134733, 1149743057, 34725178273, 1252229099309 ] ],
    [ 188, [ 2, 2, 2, 2, 2, 2, 2, 2, 2, 2, 2, 1163, 47637176669, 4933208003978131659841191660591711383 ] ],
    [ 189, [ 2, 2, 2, 2, 2, 2, 2, 7, 11, 31, 127, 26681, 76316332723, 415810710677, 33494678233238651843 ] ],
    [ 190, [ 3, 3, 7, 59, 2158626545941, 247444563641053, 1089635576571355454098771 ] ],
    [ 191, [ 43, 214069, 616393977659, 3215214830123, 233136743294546608540159 ] ],
    [ 192, [ 2, 2, 2, 2, 2, 2, 2, 2, 2, 2, 19, 43, 311, 18793, 108584559173809311863, 15748051805403565742993 ] ],
    [ 193, [ 2, 2, 2, 2, 2, 2, 3, 4799, 6131, 2115079, 69703472021, 19737002791461076268057442401 ] ],
    [ 194, [ 2, 2, 2, 2, 2, 2, 2, 29, 73781317, 3551740890535942373, 33221706319406151498713473 ] ],
    [ 195, [ 2, 2, 2, 2, 2, 2, 2, 17, 6043, 14887, 12467969, 38276175633259, 680059220361168350751751 ] ],
    [ 196, [ 1021, 8689, 173277816637, 511642510271083559, 158802235077056020943 ] ],
    [ 197, [ 13, 13, 26147842588925047, 55566270696741944938385955933479490607 ] ],
    [ 198, [ 2, 3, 3, 3, 3, 3, 3, 3694356059, 89620966131921274680154502272583116953268043 ] ],
    [ 199, [ 2, 2, 3, 5, 7, 838976029, 2693265272593662274725697388848994886322043677 ] ],
    [ 200, [ 2, 2, 2, 41, 23301209, 244116848014475947745461493609211784477046702177 ] ],
    [ 201, [ 2, 2, 2, 2, 3, 479, 571, 11321, 27917, 7195411, 590427547, 1557952511, 133560889417114069 ] ],
    [ 202, [ 19, 43, 1783, 55163, 76011277, 1180578594843337018731892605019290370903 ] ],
    [ 203, [ 3, 3, 3, 5, 37341407, 12504751079214926447, 224888263740457232886645444811 ] ],
    [ 204, [ 2, 2, 2, 3, 3, 3, 209299, 11198810407, 55048510308969202437511689543046848239993 ] ],
    [ 205, [ 2, 2, 3, 17, 11768333, 2653030927231, 8602467039352413761982107174928554899 ] ],
    [ 206, [ 2, 2, 2, 2, 467, 509, 27148873, 1840533787, 566803181314840708652948363551078769 ] ],
    [ 207, [ 2, 2, 2, 2, 103, 39898799, 213596031053918693, 15078022761144981110553378106357 ] ],
    [ 208, [ 3, 7, 11, 11, 47, 137, 30740946619, 3949629225869, 209570441116668782190390257389 ] ],
    [ 209, [ 3, 251, 171836475539, 6325406321864544114365639781024407515864013431 ] ],
    [ 210, [ 2, 3, 5, 97, 2131, 914569, 5283329, 56806283, 945309224254984799425035983279519 ] ],
    [ 211, [ 2, 2, 2, 3, 3, 7, 53, 790817638350521116652491, 149747701508302298684285936620471 ] ],
    [ 212, [ 2, 2, 2, 2, 2, 941, 55827960901065769697, 3699334729201213276714873292747881193 ] ],
    [ 213, [ 2, 2, 2, 2, 349, 23619879055156092283612908281, 92696640893326839934799101463 ] ],
    [ 214, [ 2417, 41183, 263246422832441266291, 917280256187007617470609659960683 ] ],
    [ 215, [ 4933, 906649, 10565278044037566638970763394086256856441748698748717 ] ],
    [ 216, [ 2, 2, 2, 2, 2, 197, 9679, 2287921, 665450250526722607548583785254620406402580294053 ] ],
    [ 217, [ 2, 2, 2, 41, 257, 2166548539476657281128141230117027387277193386552623208529 ] ],
    [ 218, [ 2, 2, 2, 2, 7, 2459, 9336167, 163991273, 67795948123638081881, 12559658482728756709837 ] ],
    [ 219, [ 2, 2, 2, 2, 5, 29, 1619753, 187837703521247711755979171032784331736277889074136563 ] ],
    [ 220, [ 3, 31, 41, 1311289113552975821566654453, 277540499517033387120399513543193 ] ],
    [ 221, [ 5, 397, 581663, 2362826076956561246858235681341345324742082140003289943 ] ],
    [ 222, [ 2, 11, 89, 599707830379349, 4567550702690308392018229156659674865851760791 ] ],
    [ 223, [ 2, 2, 3, 5, 83, 2117281095400743077907334798436479739058596763063802085934227 ] ],
    [ 224, [ 2, 2, 2, 11, 13, 19, 79, 2451544877, 6682476002803, 736878642216952949319460937374677061 ] ],
    [ 225, [ 2, 2, 2, 2, 2, 3, 565973, 187236492929, 4005849009137299777497188778348464338666221929 ] ],
    [ 226, [ 3, 3, 89, 97, 5791, 2548434712930467261186776887, 69870326273255105809502136871 ] ],
    [ 227, [ 7, 6344312346846433016023, 3546611198768419400844701612015578510067413 ] ],
    [ 228, [ 2, 2, 2, 3, 109, 66032357, 38575492542247782127, 46468883394345576026384355437394611 ] ],
    [ 229, [ 2, 2, 3, 73, 673, 4373, 236124845619756921349626152179948570505617386489650619667 ] ],
    [ 230, [ 2, 2, 2, 2, 2, 7, 7, 29, 31, 31, 41, 523, 1213, 1667, 4637, 58967, 7467991, 309323637200546202696395020295863 ] ],
    [ 231, [ 2, 2, 2, 2, 2, 10141, 78191, 4072801, 618089062565131, 36834324889153101307753188248224943 ] ],
    [ 232, [ 71, 101, 229, 349, 67078309301, 120318894030764216263753306770529381604657451023 ] ],
    [ 233, [ 839, 7804812866947, 1388686437540040890522776471622650583556158950528921 ] ],
    [ 234, [ 2, 31531, 25997577806486567085829, 10904357998936731569160173427698075227639 ] ],
    [ 235, [ 2, 2, 2, 2, 149, 694513, 1026547637347, 5730062345743, 3608674587889600288061195949073343 ] ],
    [ 236, [ 2, 2, 2, 2, 2, 2, 2, 5, 14307450457, 34873404413, 216375614691025148398791208311746048029266773 ] ],
    [ 237, [ 2, 2, 2, 2, 2, 3, 13, 1103, 50321, 1961000044054902199745884042623282198868433245148147213521 ] ],
    [ 238, [ 5, 61, 521, 155065821307718578834173789541, 10837656864515869214606470798475243 ] ],
    [ 239, [ 3, 3, 3, 37, 6037, 87051138919073872829633924428170654709937195869807759449530699 ] ],
    [ 240, [ 2, 2, 2, 2, 2, 2, 2, 7, 11, 523, 1117, 12923, 875597969, 13429137084457, 1179672475676146385197953309119593 ] ],
    [ 241, [ 2, 2, 2, 2, 41, 7557937, 409258937198200160563745974819926770625718344963171879267449 ] ],
    [ 242, [ 2, 2, 2, 2, 2, 23, 62413355658967, 86840438994458741323000286576559585514304809499840653 ] ],
    [ 243, [ 2, 2, 2, 2, 2, 9706577, 1399755132467, 736671771653333044583, 24485403025603264683459277517 ] ],
    [ 244, [ 37, 416696440796475765270704810830018431683903055400284902671099678613933 ] ],
    [ 245, [ 5, 37, 6025837661381669941, 27189701383772275166484681987885023644089234927893 ] ],
    [ 246, [ 2, 6581, 1552619, 713999147, 112945759645969427, 36158571592810417020644901253646519 ] ],
    [ 247, [ 2, 2, 23, 74821, 359041, 47400439724111046930733879530803697367734656111275288406399 ] ],
    [ 248, [ 2, 2, 2, 5, 23, 149297790037476963809, 1676751190037759710229053047283715140764511001443 ] ],
    [ 249, [ 2, 2, 2, 2, 3, 9432800971368711413766106039771670497810908522187347139319845501739069 ] ],
    [ 250, [ 11, 17, 827, 7027, 232129811, 3528629005470311818088659490833416505616120544866841151 ] ],
    [ 251, [ 7, 7316017, 47565266828141, 28779854723086979, 24961735968308400612568520983069261 ] ],
    [ 252, [ 2, 2, 2, 19, 67, 11867, 2592383, 10980943239386668696875516241328723765143119447530000133731 ] ],
    [ 253, [ 2, 2, 5, 5, 5, 11, 47, 53, 337, 557, 7927, 196543, 197311, 7858772074439717, 1088619928336393672012324484581 ] ],
    [ 254, [ 2, 2, 2, 2, 5, 173768062281419, 731870640742277, 1306917071760776205987209718392767146049049 ] ],
    [ 255, [ 2, 2, 2, 2, 1279, 7592479, 1308610469, 556312746916557804634079, 231105804026165622602271448493 ] ],
    [ 256, [ 3, 79, 409, 29803, 26517312259, 670849838709373099329944290881036655508745938423174893 ] ],
    [ 257, [ 5, 5, 13, 41, 83, 394603176749, 2265047389398270012590203, 102205756685304632484432075382669 ] ],
    [ 258, [ 2, 3, 68813, 431037931345333558817, 1116075011490378154792470265071052272216291196031 ] ],
    [ 259, [ 2, 2, 2, 41, 137, 953, 1279, 1470071, 14148093721, 131652124141, 2603638772632299401746334046744476161 ] ],
    [ 260, [ 2, 2, 2, 2, 2, 3, 3, 47, 325301, 2894139281575926410962492093697, 60239256379903569810202517733852367 ] ],
    [ 261, [ 2, 2, 2, 2, 5, 79, 11059, 24014009, 694338954860149, 357953296539656339, 3617856605664948536116762211 ] ],
    [ 262, [ 13, 79, 727, 210316771165885095218218459003, 18894707411911346681425508206259208067721 ] ],
    [ 263, [ 11, 13, 17, 1433, 8363, 13188519413663963934057019, 15181046869026846907452563268308924939159 ] ],
    [ 264, [ 2, 2, 2, 2, 2, 49991, 7168384401737376308214194564326444406003889977262272236569754943247121 ] ],
    [ 265, [ 2, 2, 2, 3, 61, 15399055730176221468358944668833387977805095690398434606710784364212320053 ] ],
    [ 266, [ 2, 2, 2, 2, 3, 5, 1811, 586758914663, 549580000149478572083, 316218254931798489503686971782842659737 ] ],
    [ 267, [ 2, 2, 2, 2, 5, 7, 19, 1303, 4259, 22171, 43644364439723633, 1525008223338167819660732107357271906000252803 ] ],
    [ 268, [ 241523100596518973, 31730333742027510214753, 22352087457890657805146988737606829877 ] ],
    [ 269, [ 2310797, 11601758789323, 106912379849559461, 117492422495593152407560265703776874517067 ] ],
    [ 270, [ 2, 3, 7, 23, 99109, 9043733, 10852814135377, 571096435152298528079, 123368928728635206541388518037 ] ],
    [ 271, [ 2, 2, 3, 3, 167, 5063400764699, 16394548168819, 2607995950442369766325735693208448274969117141661 ] ],
    [ 272, [ 2, 2, 2, 3, 293, 20195930183344061067829, 18017602255819274849334386907865661324974154588313763 ] ],
    [ 273, [ 2, 2, 2, 2, 2, 2, 227, 24297035204698549129313345941, 14251240947513267298226848858914963151306962371 ] ],
    [ 274, [ 3, 11, 31267, 274831, 6400388017765580831, 5448935919203008667358711338818686473386461476293 ] ],
    [ 275, [ 13, 97441, 28270356641038201, 542924677922414197991625906565862879772000314449942747873 ] ],
    [ 276, [ 2, 2, 2, 199, 601, 35096627592403016709620401, 1138269529050648274951613907259447341010278686353 ] ],
    [ 277, [ 2, 2, 5, 5279, 36328675878083, 19591553984371616240902739046596073152805528069003156705042569 ] ],
    [ 278, [ 2, 2, 2, 2, 2, 2, 587, 2076398323, 30097324825499, 62923888129814626121841034058480241620552642497164971 ] ],
    [ 279, [ 2, 2, 2, 2, 2, 2, 3, 3, 7, 19, 71, 101, 352963002189198075502334257721, 1497825559961272688885508986018821251626843 ] ],
    [ 280, [ 3, 5, 38064934663968213786528781041899838036726012693783468882305592959086263153479407 ] ],
    [ 281, [ 97, 137, 24990089, 27310957, 970591431347, 1242639100069, 17182800652777, 5971947545329031216325703 ] ],
    [ 282, [ 2, 11, 41, 28439, 383303, 523840589, 428448159868461708907808371806211971221761917898322836686551 ] ],
    [ 283, [ 2, 2, 2, 2, 2, 3, 71, 641, 34319, 162439, 178123016212173355231479829142043696023709289558129874909233326677 ] ],
    [ 284, [ 2, 2, 2, 2, 2, 2, 2, 2, 2, 19, 5387, 37311736897, 4362030106042131585267918309016643676900209311033679226434050309 ] ],
    [ 285, [ 2, 2, 2, 2, 2, 2, 19, 2111, 4703, 43019366164449853230000789184140323, 32286126710276681586557726684256651283 ] ],
    [ 286, [ 115459481, 921128205311, 4659342595152008217159697, 66523408512291489427568817556485078937 ] ],
    [ 287, [ 3, 3, 3, 7, 23, 173, 86175766550910391066144265860324474170350192732846386963461821588757310417087 ] ],
    [ 288, [ 2, 2, 2, 2, 2, 2, 2, 2, 2, 2, 2, 83, 859, 17967939033026160380946397133770042241, 48561657702645793003378687429294484183 ] ],
    [ 289, [ 2, 2, 2, 2, 2, 7, 7, 2153, 913994336128316951, 81176713250410690305954775348388562503189417348384837696161 ] ],
    [ 290, [ 2, 2, 2, 2, 2, 2, 3, 5, 17, 9343, 229333234985179289, 6477728681777075971, 2173906596408752639880292609376082011269 ] ],
    [ 291, [ 2, 2, 2, 2, 2, 2, 79, 761, 697930867, 360499847389441751854060201999142002187543436387271358201632643180519 ] ],
    [ 292, [ 149, 331, 699756730706913539428271, 55146752838597211317181308088064657560085082859074194713 ] ],
    [ 293, [ 107, 11116649, 1699156339313184743, 1851238439632688367172064303675854150404681100579737537373 ] ],
    [ 294, [ 2, 3, 3, 4759, 146009, 55692797, 3665905887554147, 3569543731631748051089, 806983332685972383661653333217 ] ],
    [ 295, [ 2, 2, 31, 1789, 93232739, 18391491489523, 587088275724012383294530961, 64755505974312297847356439781419 ] ],
    [ 296, [ 2, 2, 2, 13, 19, 74161, 174821, 482509, 4425707314991, 519667289841195758118077455417815436431026115081834889 ] ],
    [ 297, [ 2, 2, 2, 2, 3, 3, 42487, 215939, 3140496684495478047907, 123439042057569283024549, 109129247056281342261552887479 ] ],
    [ 298, [ 2273, 10369, 1179822483481, 69935858661373, 1813588391776069, 31154597658947707670068275611962392199 ] ],
    [ 299, [ 5, 7, 11, 487, 125373109, 33692855137, 70283584403419, 847429366003960889267, 4579272944668015150854206479 ] ],
    [ 300, [ 2, 2, 2, 17, 239, 277, 21491, 104323, 29361224271893, 716523586527650457210137383639712559936479925631736845937 ] ],
    [ 301, [ 2, 2, 5, 43, 43, 673, 443063, 75715107853190149879523575772209638777216309499351974351871539072035868649 ] ],
    [ 302, [ 2, 2, 2, 2, 3, 3, 3, 3, 7, 9137, 1148453, 26099543, 660616296408140257124031781419587766773850247394699480773637991869 ] ],
    [ 303, [ 2, 2, 2, 2, 3, 3, 31, 71, 257, 306389, 129296071741073770942238213336782565177350532937925979323048106720525160617 ] ],
    [ 304, [ 89, 139, 823, 3821, 12221273, 15446200482364237, 863826341919379988822854664597102238955927159983120029 ] ],
    [ 305, [ 3, 43, 667801, 656215714173763, 22134606387521396653271550941, 9966969058097491457264520201118290907 ] ],
    [ 306, [ 2, 13, 1960529, 480998558559355017214163242954256103585559817429371168704951273025891320216644861 ] ],
    [ 307, [ 2, 2, 2, 3, 3, 3, 11, 17, 439, 2543, 298409, 26459011, 478614679, 282868570583630283341236678294054256056372682741306691847 ] ],
    [ 308, [ 2, 2, 2, 2, 2, 3, 3, 3, 2333348211442845240364933287678564894239, 47004696622394528327723880367477083444105044137 ] ],
    [ 309, [ 2, 2, 2, 2, 3, 3, 5, 5, 5, 7, 197, 2916054107, 1712753652599597, 8141505053914723, 150361181277856061449, 1227549326127430526021 ] ],
    [ 310, [ 659, 428903389, 1295787588793015581186721130928843505392990637133743382577336655401964158862153 ] ],
    [ 311, [ 29, 173, 1567, 3635617, 25191821131819995238320556268317815567354480449423909875215080309239875943039 ] ],
    [ 312, [ 2, 2, 2, 2, 2, 3, 3, 5, 107, 419, 86639851, 500845099, 236191538180713, 2139326709651482497048514919101206420718820902134843 ] ],
    [ 313, [ 2, 2, 2, 3, 3, 881, 15749, 113893921, 153579233, 3235045777654920920683955671979, 49228894943006704704431219603343667 ] ],
    [ 314, [ 2, 2, 2, 2, 3, 3, 17431, 21557, 139861, 37304759235861199, 121285589665588333, 159780520612396156053645667131771385196087 ] ],
    [ 315, [ 2, 2, 2, 2, 3, 3, 3, 89, 1373, 528709, 707341, 499314757, 1091125923639256345905989521024265787616886427718569881532146357 ] ],
    [ 316, [ 5, 23, 105501713299652290463, 9612499145522777195399, 181308228039334599006076766413414535355207204019 ] ],
    [ 317, [ 166471, 229249, 2013294052218402586453, 541040792227841644086004698170985446730412060695741277635859 ] ],
    [ 318, [ 2, 17, 1338481, 7425401, 241849001083338045639789989435142866470312726509892399660013751577053821317249 ] ],
    [ 319, [ 2, 2, 5, 37, 227, 1291, 2851, 478531, 54959022509514946694775916667, 9880918175178268266716552074822934033047684301 ] ],
    [ 320, [ 2, 2, 2, 809, 31649, 4872628507, 24496399168727, 16403706923746528114053659, 787577754793863699931366104370583311 ] ],
    [ 321, [ 2, 2, 2, 2, 2, 149, 292133, 397073999779, 31192604821723, 231802496865190464014550649, 155279278731372135755719549035221 ] ],
    [ 322, [ 18973, 331923614527, 5863886513971737275887, 33058560448133983017509500283165777362979344251509370907 ] ],
    [ 323, [ 5, 13, 89, 672781, 65214388276270380275989554788764889, 9455733532509890044958554461610109781191268975353 ] ],
    [ 324, [ 2, 2, 2, 3, 59, 653, 857, 1973, 5345909, 75452483059574617, 7481839196542886089629595192013089295676932479828046368891 ] ],
    [ 325, [ 2, 2, 487, 884159, 14349391090891, 375324652930496731778427996139765157198887359733939588593625376782431919 ] ],
    [ 326, [ 2, 2, 2, 2, 2, 344225763373724237, 58759602163254541667, 137719488864907051631, 204580562514272920694162414832511961 ] ],
    [ 327, [ 2, 2, 2, 2, 2, 3, 21328148340470189, 581901531396349099193, 30090552374519284268705737286593021471982459144909294387 ] ],
    [ 328, [ 7, 162927203363624898623, 61799431753130712680853642352165000047030166979191767413886462748577749129 ] ],
    [ 329, [ 3, 29, 359, 4730002851493988332981, 937935771749845361618974291333931387166732984663159474028962471236441 ] ],
    [ 330, [ 2, 3, 3, 1667, 9078459848540369695658875749862315855996892736158465348459437833370097985210143312223269507 ] ],
    [ 331, [ 2, 2, 2, 2, 59, 79, 472093597, 1634845171819, 271265065902263, 8299937534245863563980697, 4132566436404438220317755274497 ] ],
    [ 332, [ 2, 2, 2, 2, 2, 2, 2, 3, 3, 587, 111767, 13930293449379966137877065075021159543212881235654371180707733280254604664023764126833 ] ],
    [ 333, [ 2, 2, 2, 2, 2, 3, 447641, 48165428449605119570369915146815925656848152291443709169755830231149952324716426611995809 ] ],
    [ 334, [ 11, 221463817088203, 1670371727812813573874166239658717081878080193353322204635792067742048221742347063 ] ],
    [ 335, [ 5, 61, 12043806924527501, 3159969603522572849, 689182349718887191557694049794755813948661891350103360530997 ] ],
    [ 336, [ 2, 2, 2, 2, 2, 2, 2, 29, 7987349611, 10342654645877, 51287327490905702725612723129679499192362108206418829059776844203577567 ] ],
    [ 337, [ 2, 2, 2, 2, 5, 1019, 1220773, 11891081, 26127894215833780380191397743385003165265976325931532321791683867623613373701857 ] ],
    [ 338, [ 2, 2, 2, 2, 2, 14240209, 151587860376572230480091, 879966515801873493209354304476725745536185030500318023165867143797 ] ],
    [ 339, [ 2, 2, 2, 2, 2, 2606741, 1432587406828382320491349694298278409413568968057118578250839883219728314516471101536602519 ] ],
    [ 340, [ 39709534703511051118843722895985198245642319, 5916246638319336279737452877585323762332766084190123183 ] ],
    [ 341, [ 3, 8121963977, 18955307494077878702415215158088230828597711464901684379454060985377449694172323402128419 ] ],
    [ 342, [ 2, 5, 151, 284623, 1404058783961, 117469292570142875537881, 12809395732944543104165739982562087514960619908258122773 ] ],
    [ 343, [ 2, 2, 3, 3, 5, 71971, 46354031, 15256701887246464759, 194840437339182363876623076697425822876567527008731920650721635883 ] ],
    [ 344, [ 2, 2, 2, 9787, 6689869, 8523226350048073504397, 786082580990444665609164052418255995923799438884043441811119641523 ] ],
    [ 345, [ 2, 2, 2, 2, 5, 7, 17, 3037, 784171, 44553116003560428872238133065738127, 6830159745606509142234098722400920196945516497668577 ] ],
    [ 346, [ 13, 71, 229, 64170638078935739778462352499927899067877855483870531654215734380089910501358141606459573665929 ] ],
    [ 347, [ 19, 13883, 1804549, 56019601606371405687827574198171152628593172629011011718585310679851366378160884803823689 ] ],
    [ 348, [ 2, 2, 2, 7, 11971, 12071, 198777696553, 1944968384056417173248537, 16756209857373625347925137913267520662831464381184268509 ] ],
    [ 349, [ 2, 2, 23, 2123377, 3663782021231, 1303940392627310506876250977, 110430102413149302794306972454505585914610733198025631 ] ],
    [ 350, [ 2, 2, 2, 2, 11, 13, 10919609542566689, 30132785677702905522578077009, 269128346836618556491073744993662903144013791983805129 ] ],
    [ 351, [ 2, 2, 2, 2, 7417, 32003, 72161, 40827153263631635279, 1582633861518620483128951, 22493802917709350208728755326996896707084361 ] ],
    [ 352, [ 5, 3057962816688181887983941365184112402431430372243, 51215782038429104383618308280822144962502478256513823 ] ],
    [ 353, [ 3, 7, 79, 201180907724659238429, 156898473975206807084748391397, 29398571142909396138390179336567804982796794270079 ] ],
    [ 354, [ 2, 7, 7, 1093, 708237699857837239063423177513, 7234556271197741173918510876901, 5514587006308517167034701718770038601 ] ],
    [ 355, [ 2, 2, 2, 293348843383517, 13593496247902777969297489, 186516265123308086489868267437799639029689354655059293164330629 ] ],
    [ 356, [ 2, 2, 2, 2, 2, 5, 23, 31, 367, 456774258375467, 611669928784040970513912904232220340509048236090059022139506766406419031583889829 ] ],
    [ 357, [ 2, 2, 2, 2, 2837, 827857, 6723583, 91018776309758369811133794230561298380976130524122817469682743874400189612976469789483 ] ],
    [ 358, [ 13, 80173, 92699, 805041238092208444709, 110711226921968761084781, 5250276283209092137590739791039024614012338556453 ] ],
    [ 359, [ 510375984073, 174148738833604309225842099159345455890000838744082517201909862124443490057164627914073116097 ] ],
    [ 360, [ 2, 2, 2, 2, 2, 3, 5, 13, 103855896971, 4396045858133, 61334478619846744087837405930822958471091126257360207942598461602101087570499 ] ],
    [ 361, [ 2, 2, 2, 1139819, 53215863752610480125808827608884108198583, 707925777841426344304165513357737534844337784466904428259 ] ],
    [ 362, [ 2, 2, 2, 2, 3, 829, 16971922194557162794010980493780868326772980448113157430843338920856368968352120360776421168163409499 ] ],
    [ 363, [ 2, 2, 2, 2, 5, 5, 659, 224831, 1624013069420878185743085470454065348112010541, 13794557085376478689588689088839337142712576908689 ] ],
    [ 364, [ 3, 17, 1319, 7507, 11180574671161037, 211674620140244892741613, 167129617415044520480830657, 13067822756972996337060956711783 ] ],
    [ 365, [ 5, 1129, 5003, 9437, 526611716509158479132057, 104836447726875125624022754336520527, 348748073787994092280049356936432309 ] ],
    [ 366, [ 2, 5, 19, 31, 10391, 3907948277008525877, 42178746426571485662609639838637017276646652941903605511393715441824287685352387 ] ],
    [ 367, [ 2, 2, 383, 12945786135690536779436646773731586589687679180473064036283288748946673830521129706074638669673231958693 ] ],
    [ 368, [ 2, 2, 2, 7, 11, 3119, 25051847, 5817931843, 1193391683378849, 38156280936027330017135353, 3057776655402236792275014183031875531902903 ] ],
    [ 369, [ 2, 2, 2, 2, 2, 2, 2, 2, 3, 3533, 146938010073679191269261, 192261505773482867363148798739158239378331491064058542726109178705910607072357 ] ],
    [ 370, [ 3, 73, 9133, 155251, 320329, 3223817, 8136166762035684514357, 57759705510617862553576574320093759748586169518242995481968319 ] ],
    [ 371, [ 191, 1721, 901283189236789303553308364377775463942926055080799186300026351288494396513708077424197841897081860371 ] ],
    [ 372, [ 2, 2, 2, 7, 73, 142474355085351987936325524890571382064585936578729886617402646967065157975675291763075291958501273646529 ] ],
    [ 373, [ 2, 2, 1307, 3911, 90647, 233876610110159, 3299680760257459, 3116451181961004528965864317, 256876155104334982699321328364917873339 ] ],
    [ 374, [ 2, 2, 2, 2, 2, 2, 2, 2, 3, 3, 19, 79, 15887, 304649362517, 161910769030874974192531, 830635852492897484473803334733582976911195423064762144840232447 ] ],
    [ 375, [ 2, 2, 2, 2, 2, 2, 2, 2, 3, 3541, 13759, 24743853809020559233, 4779940211848983939701913516608529048495734733382993758121344436202642707499951 ] ],
    [ 376, [ 3, 3, 3, 37, 1291, 1433, 2741, 645186611, 29129370803580639520579318148461685721353, 91384490541617050646864841458141664922176566699 ] ],
    [ 377, [ 107, 354736688093, 14680919039608031163303254579986598263846307839, 30694803109820329363141160570361044675417826519133 ] ],
    [ 378, [ 2, 3, 2423, 3163, 4696079329, 155718703063805336256436634033292998230754020928432726580437857107790932284280843314217294647 ] ],
    [ 379, [ 2, 2, 2, 2, 2, 2, 2, 1234692770730080993, 434497485617829889701931, 962711135387408601391491554546267635692322093376376892131280885009 ] ],
    [ 380, [ 2, 2, 2, 2, 2, 2, 2, 2, 2, 2, 2, 2, 2, 5, 1041926857, 3045278636348816763666140723606670555071833148898704317576767866528175832329697484370548411300171 ] ],
    [ 381, [ 2, 2, 2, 2, 2, 2, 2, 2, 544357708191015474686968173305269, 801818388768954323309153731873906579, 2286630230239538268081296161529434228159 ] ],
    [ 382, [ 47, 2017, 7307219, 472589255036741, 94515454789735490816269108674663422753021, 16234010502693243544001466483836983487326139 ] ],
    [ 383, [ 3, 2137, 98150653, 21868803777031, 87743381161438365478395771142180531, 817865876565493748548713555093077905843459200253747 ] ],
    [ 384, [ 2, 2, 2, 2, 2, 2, 2, 2, 2, 2, 2, 3, 3, 3, 5, 5, 2086049377199, 373627973683903, 14333060866700960939, 1495736135845746314848031857, 84046746489770777463254877659023 ] ],
    [ 385, [ 2, 2, 2, 2, 2, 2, 2, 17, 1091, 1553, 1889, 548307989, 999477405738580609274231017665172736255775415636630116013327809040303772677647373902893723 ] ],
    [ 386, [ 2, 2, 2, 2, 2, 2, 2, 2, 67, 199, 251, 431, 46399, 21577679, 30265618853369863394427987088410331, 670617597194515522054952107189186270040823279496232071 ] ],
    [ 387, [ 2, 2, 2, 2, 2, 2, 2, 2, 3, 471313, 266605787917923386531, 421187188661769565803123633372829012423, 362922089044260691823957230643566746266682551 ] ],
    [ 388, [ 5, 37, 26029, 10174800842197, 5027664025575433141, 696660372958153330008308921, 168988970704297175542617752421692866789960666237 ] ],
    [ 389, [ 7, 80819, 197947, 40084391, 2263230503, 43194606878410447867019, 129920859397961595877322650715250883610143953777079433905588757 ] ],
    [ 390, [ 2, 33487, 2244523859030558171290226010652619, 745614833153577593160799926802216597726493737737067000924768370999084555053 ] ],
    [ 391, [ 2, 2, 3, 13, 1613, 80296583, 36620428417, 4257712118251, 69945750995680021444327130809289486541813551031746013265008038047078669614719 ] ],
    [ 392, [ 2, 2, 2, 457, 71104559653133416057, 1666424040915350325676553626330647088668154181629859864968628920508440834136383670126108993 ] ],
    [ 393, [ 2, 2, 2, 2, 5, 13, 19, 23, 151, 1648031653, 605654135588357, 45075566902982047513, 117237037510936231513, 2352736266092451992084695512613717194917251 ] ],
    [ 394, [ 3, 5, 197, 319307381, 150343203270194026153687573, 11802746404442912049628281841254764488665695621449559297725963739554195063877 ] ],
    [ 395, [ 17, 19, 311, 521, 295325846763055904281079920163775209689677158955229, 212962582284528753712308612522787251972676801318293419813 ] ],
    [ 396, [ 2, 2, 2, 7, 23, 139, 3174651013, 476625165480533, 2750126279740351, 8686027826844809691443761324062731423000700281749724922444837644855003 ] ],
    [ 397, [ 2, 2, 265101817, 9436050458719, 5718426472330483, 222336140476397996913365220708155979264838872551973299969139947627528760956831 ] ],
    [ 398, [ 2, 2, 2, 2, 3, 3, 547, 739, 19301, 129529649121547182654051977, 3427828540969031692073638511, 50137108715724601045588315477202543885814311674079 ] ],
    [ 399, [ 2, 2, 2, 2, 11, 4457, 62681359822186994722565817922808758102991656712548542268522511258168569386294393604427412780703770561268313251 ] ],
    [ 400, [ 7, 709, 560665771123, 34739012739171819976624823884936875766856288044183721233559872334567398929281167635364611585222660041 ] ]
]
