c:\sys\ut\rpn\rpn.py -l100 -E -a2002 2 2500 range lambda 2 x ** previous_prime 2 x ** - eval 2 enumerate -s1
[
    [ 2, -1 ],
    [ 3, -1 ],
    [ 4, -3 ],
    [ 5, -1 ],
    [ 6, -3 ],
    [ 7, -1 ],
    [ 8, -5 ],
    [ 9, -3 ],
    [ 10, -3 ],
    [ 11, -9 ],
    [ 12, -3 ],
    [ 13, -1 ],
    [ 14, -3 ],
    [ 15, -19 ],
    [ 16, -15 ],
    [ 17, -1 ],
    [ 18, -5 ],
    [ 19, -1 ],
    [ 20, -3 ],
    [ 21, -9 ],
    [ 22, -3 ],
    [ 23, -15 ],
    [ 24, -3 ],
    [ 25, -39 ],
    [ 26, -5 ],
    [ 27, -39 ],
    [ 28, -57 ],
    [ 29, -3 ],
    [ 30, -35 ],
    [ 31, -1 ],
    [ 32, -5 ],
    [ 33, -9 ],
    [ 34, -41 ],
    [ 35, -31 ],
    [ 36, -5 ],
    [ 37, -25 ],
    [ 38, -45 ],
    [ 39, -7 ],
    [ 40, -87 ],
    [ 41, -21 ],
    [ 42, -11 ],
    [ 43, -57 ],
    [ 44, -17 ],
    [ 45, -55 ],
    [ 46, -21 ],
    [ 47, -115 ],
    [ 48, -59 ],
    [ 49, -81 ],
    [ 50, -27 ],
    [ 51, -129 ],
    [ 52, -47 ],
    [ 53, -111 ],
    [ 54, -33 ],
    [ 55, -55 ],
    [ 56, -5 ],
    [ 57, -13 ],
    [ 58, -27 ],
    [ 59, -55 ],
    [ 60, -93 ],
    [ 61, -1 ],
    [ 62, -57 ],
    [ 63, -25 ],
    [ 64, -59 ],
    [ 65, -49 ],
    [ 66, -5 ],
    [ 67, -19 ],
    [ 68, -23 ],
    [ 69, -19 ],
    [ 70, -35 ],
    [ 71, -231 ],
    [ 72, -93 ],
    [ 73, -69 ],
    [ 74, -35 ],
    [ 75, -97 ],
    [ 76, -15 ],
    [ 77, -33 ],
    [ 78, -11 ],
    [ 79, -67 ],
    [ 80, -65 ],
    [ 81, -51 ],
    [ 82, -57 ],
    [ 83, -55 ],
    [ 84, -35 ],
    [ 85, -19 ],
    [ 86, -35 ],
    [ 87, -67 ],
    [ 88, -299 ],
    [ 89, -1 ],
    [ 90, -33 ],
    [ 91, -45 ],
    [ 92, -83 ],
    [ 93, -25 ],
    [ 94, -3 ],
    [ 95, -15 ],
    [ 96, -17 ],
    [ 97, -141 ],
    [ 98, -51 ],
    [ 99, -115 ],
    [ 100, -15 ],
    [ 101, -69 ],
    [ 102, -33 ],
    [ 103, -97 ],
    [ 104, -17 ],
    [ 105, -13 ],
    [ 106, -117 ],
    [ 107, -1 ],
    [ 108, -59 ],
    [ 109, -31 ],
    [ 110, -21 ],
    [ 111, -37 ],
    [ 112, -75 ],
    [ 113, -133 ],
    [ 114, -11 ],
    [ 115, -67 ],
    [ 116, -3 ],
    [ 117, -279 ],
    [ 118, -5 ],
    [ 119, -69 ],
    [ 120, -119 ],
    [ 121, -73 ],
    [ 122, -3 ],
    [ 123, -67 ],
    [ 124, -59 ],
    [ 125, -9 ],
    [ 126, -137 ],
    [ 127, -1 ],
    [ 128, -159 ],
    [ 129, -25 ],
    [ 130, -5 ],
    [ 131, -69 ],
    [ 132, -347 ],
    [ 133, -99 ],
    [ 134, -45 ],
    [ 135, -45 ],
    [ 136, -113 ],
    [ 137, -13 ],
    [ 138, -105 ],
    [ 139, -187 ],
    [ 140, -27 ],
    [ 141, -9 ],
    [ 142, -111 ],
    [ 143, -69 ],
    [ 144, -83 ],
    [ 145, -151 ],
    [ 146, -153 ],
    [ 147, -145 ],
    [ 148, -167 ],
    [ 149, -31 ],
    [ 150, -3 ],
    [ 151, -195 ],
    [ 152, -17 ],
    [ 153, -69 ],
    [ 154, -243 ],
    [ 155, -31 ],
    [ 156, -143 ],
    [ 157, -19 ],
    [ 158, -15 ],
    [ 159, -91 ],
    [ 160, -47 ],
    [ 161, -159 ],
    [ 162, -101 ],
    [ 163, -55 ],
    [ 164, -63 ],
    [ 165, -25 ],
    [ 166, -5 ],
    [ 167, -135 ],
    [ 168, -257 ],
    [ 169, -643 ],
    [ 170, -143 ],
    [ 171, -19 ],
    [ 172, -95 ],
    [ 173, -55 ],
    [ 174, -3 ],
    [ 175, -229 ],
    [ 176, -233 ],
    [ 177, -339 ],
    [ 178, -41 ],
    [ 179, -49 ],
    [ 180, -47 ],
    [ 181, -165 ],
    [ 182, -161 ],
    [ 183, -147 ],
    [ 184, -33 ],
    [ 185, -303 ],
    [ 186, -371 ],
    [ 187, -85 ],
    [ 188, -125 ],
    [ 189, -25 ],
    [ 190, -11 ],
    [ 191, -19 ],
    [ 192, -237 ],
    [ 193, -31 ],
    [ 194, -33 ],
    [ 195, -135 ],
    [ 196, -15 ],
    [ 197, -75 ],
    [ 198, -17 ],
    [ 199, -49 ],
    [ 200, -75 ],
    [ 201, -55 ],
    [ 202, -183 ],
    [ 203, -159 ],
    [ 204, -167 ],
    [ 205, -81 ],
    [ 206, -5 ],
    [ 207, -91 ],
    [ 208, -299 ],
    [ 209, -33 ],
    [ 210, -47 ],
    [ 211, -175 ],
    [ 212, -23 ],
    [ 213, -3 ],
    [ 214, -185 ],
    [ 215, -157 ],
    [ 216, -377 ],
    [ 217, -61 ],
    [ 218, -33 ],
    [ 219, -121 ],
    [ 220, -77 ],
    [ 221, -3 ],
    [ 222, -117 ],
    [ 223, -235 ],
    [ 224, -63 ],
    [ 225, -49 ],
    [ 226, -5 ],
    [ 227, -405 ],
    [ 228, -93 ],
    [ 229, -91 ],
    [ 230, -27 ],
    [ 231, -165 ],
    [ 232, -567 ],
    [ 233, -3 ],
    [ 234, -83 ],
    [ 235, -15 ],
    [ 236, -209 ],
    [ 237, -181 ],
    [ 238, -161 ],
    [ 239, -87 ],
    [ 240, -467 ],
    [ 241, -39 ],
    [ 242, -63 ],
    [ 243, -9 ],
    [ 244, -189 ],
    [ 245, -163 ],
    [ 246, -107 ],
    [ 247, -81 ],
    [ 248, -237 ],
    [ 249, -75 ],
    [ 250, -207 ],
    [ 251, -9 ],
    [ 252, -129 ],
    [ 253, -273 ],
    [ 254, -245 ],
    [ 255, -19 ],
    [ 256, -189 ],
    [ 257, -93 ],
    [ 258, -87 ],
    [ 259, -361 ],
    [ 260, -149 ],
    [ 261, -223 ],
    [ 262, -71 ],
    [ 263, -747 ],
    [ 264, -275 ],
    [ 265, -49 ],
    [ 266, -3 ],
    [ 267, -265 ],
    [ 268, -77 ],
    [ 269, -241 ],
    [ 270, -53 ],
    [ 271, -169 ],
    [ 272, -237 ],
    [ 273, -205 ],
    [ 274, -305 ],
    [ 275, -129 ],
    [ 276, -89 ],
    [ 277, -103 ],
    [ 278, -93 ],
    [ 279, -69 ],
    [ 280, -47 ],
    [ 281, -139 ],
    [ 282, -83 ],
    [ 283, -45 ],
    [ 284, -173 ],
    [ 285, -9 ],
    [ 286, -165 ],
    [ 287, -115 ],
    [ 288, -167 ],
    [ 289, -493 ],
    [ 290, -47 ],
    [ 291, -19 ],
    [ 292, -167 ],
    [ 293, -601 ],
    [ 294, -35 ],
    [ 295, -171 ],
    [ 296, -285 ],
    [ 297, -123 ],
    [ 298, -341 ],
    [ 299, -69 ],
    [ 300, -153 ],
    [ 301, -265 ],
    [ 302, -267 ],
    [ 303, -121 ],
    [ 304, -75 ],
    [ 305, -103 ],
    [ 306, -503 ],
    [ 307, -99 ],
    [ 308, -159 ],
    [ 309, -493 ],
    [ 310, -77 ],
    [ 311, -45 ],
    [ 312, -203 ],
    [ 313, -139 ],
    [ 314, -113 ],
    [ 315, -465 ],
    [ 316, -57 ],
    [ 317, -33 ],
    [ 318, -165 ],
    [ 319, -795 ],
    [ 320, -197 ],
    [ 321, -9 ],
    [ 322, -11 ],
    [ 323, -141 ],
    [ 324, -23 ],
    [ 325, -399 ],
    [ 326, -101 ],
    [ 327, -595 ],
    [ 328, -155 ],
    [ 329, -139 ],
    [ 330, -255 ],
    [ 331, -61 ],
    [ 332, -707 ],
    [ 333, -483 ],
    [ 334, -243 ],
    [ 335, -321 ],
    [ 336, -3 ],
    [ 337, -75 ],
    [ 338, -15 ],
    [ 339, -147 ],
    [ 340, -293 ],
    [ 341, -229 ],
    [ 342, -65 ],
    [ 343, -199 ],
    [ 344, -119 ],
    [ 345, -475 ],
    [ 346, -45 ],
    [ 347, -211 ],
    [ 348, -117 ],
    [ 349, -285 ],
    [ 350, -113 ],
    [ 351, -61 ],
    [ 352, -657 ],
    [ 353, -139 ],
    [ 354, -153 ],
    [ 355, -49 ],
    [ 356, -173 ],
    [ 357, -243 ],
    [ 358, -671 ],
    [ 359, -411 ],
    [ 360, -719 ],
    [ 361, -369 ],
    [ 362, -605 ],
    [ 363, -75 ],
    [ 364, -923 ],
    [ 365, -169 ],
    [ 366, -167 ],
    [ 367, -487 ],
    [ 368, -315 ],
    [ 369, -25 ],
    [ 370, -495 ],
    [ 371, -741 ],
    [ 372, -177 ],
    [ 373, -333 ],
    [ 374, -65 ],
    [ 375, -679 ],
    [ 376, -57 ],
    [ 377, -259 ],
    [ 378, -417 ],
    [ 379, -19 ],
    [ 380, -65 ],
    [ 381, -313 ],
    [ 382, -105 ],
    [ 383, -31 ],
    [ 384, -317 ],
    [ 385, -265 ],
    [ 386, -231 ],
    [ 387, -615 ],
    [ 388, -45 ],
    [ 389, -21 ],
    [ 390, -137 ],
    [ 391, -105 ],
    [ 392, -107 ],
    [ 393, -93 ],
    [ 394, -377 ],
    [ 395, -531 ],
    [ 396, -605 ],
    [ 397, -81 ],
    [ 398, -131 ],
    [ 399, -91 ],
    [ 400, -593 ],
    [ 401, -31 ],
    [ 402, -53 ],
    [ 403, -379 ],
    [ 404, -257 ],
    [ 405, -235 ],
    [ 406, -923 ],
    [ 407, -157 ],
    [ 408, -1005 ],
    [ 409, -103 ],
    [ 410, -51 ],
    [ 411, -205 ],
    [ 412, -183 ],
    [ 413, -21 ],
    [ 414, -17 ],
    [ 415, -45 ],
    [ 416, -435 ],
    [ 417, -1029 ],
    [ 418, -147 ],
    [ 419, -69 ],
    [ 420, -317 ],
    [ 421, -271 ],
    [ 422, -101 ],
    [ 423, -91 ],
    [ 424, -389 ],
    [ 425, -301 ],
    [ 426, -321 ],
    [ 427, -781 ],
    [ 428, -65 ],
    [ 429, -55 ],
    [ 430, -677 ],
    [ 431, -201 ],
    [ 432, -299 ],
    [ 433, -601 ],
    [ 434, -183 ],
    [ 435, -97 ],
    [ 436, -87 ],
    [ 437, -93 ],
    [ 438, -417 ],
    [ 439, -151 ],
    [ 440, -33 ],
    [ 441, -361 ],
    [ 442, -995 ],
    [ 443, -685 ],
    [ 444, -17 ],
    [ 445, -195 ],
    [ 446, -77 ],
    [ 447, -325 ],
    [ 448, -203 ],
    [ 449, -241 ],
    [ 450, -501 ],
    [ 451, -2239 ],
    [ 452, -3 ],
    [ 453, -285 ],
    [ 454, -57 ],
    [ 455, -217 ],
    [ 456, -627 ],
    [ 457, -273 ],
    [ 458, -57 ],
    [ 459, -549 ],
    [ 460, -77 ],
    [ 461, -649 ],
    [ 462, -195 ],
    [ 463, -157 ],
    [ 464, -437 ],
    [ 465, -819 ],
    [ 466, -813 ],
    [ 467, -511 ],
    [ 468, -17 ],
    [ 469, -283 ],
    [ 470, -35 ],
    [ 471, -147 ],
    [ 472, -209 ],
    [ 473, -579 ],
    [ 474, -135 ],
    [ 475, -129 ],
    [ 476, -153 ],
    [ 477, -123 ],
    [ 478, -95 ],
    [ 479, -537 ],
    [ 480, -47 ],
    [ 481, -273 ],
    [ 482, -275 ],
    [ 483, -301 ],
    [ 484, -39 ],
    [ 485, -1399 ],
    [ 486, -143 ],
    [ 487, -57 ],
    [ 488, -17 ],
    [ 489, -21 ],
    [ 490, -917 ],
    [ 491, -75 ],
    [ 492, -129 ],
    [ 493, -433 ],
    [ 494, -125 ],
    [ 495, -31 ],
    [ 496, -257 ],
    [ 497, -1291 ],
    [ 498, -563 ],
    [ 499, -151 ],
    [ 500, -863 ],
    [ 501, -45 ],
    [ 502, -671 ],
    [ 503, -91 ],
    [ 504, -503 ],
    [ 505, -91 ],
    [ 506, -45 ],
    [ 507, -265 ],
    [ 508, -243 ],
    [ 509, -741 ],
    [ 510, -75 ],
    [ 511, -187 ],
    [ 512, -569 ],
    [ 513, -445 ],
    [ 514, -767 ],
    [ 515, -225 ],
    [ 516, -689 ],
    [ 517, -489 ],
    [ 518, -917 ],
    [ 519, -91 ],
    [ 520, -383 ],
    [ 521, -1 ],
    [ 522, -117 ],
    [ 523, -1267 ],
    [ 524, -465 ],
    [ 525, -363 ],
    [ 526, -363 ],
    [ 527, -1017 ],
    [ 528, -65 ],
    [ 529, -31 ],
    [ 530, -1017 ],
    [ 531, -315 ],
    [ 532, -335 ],
    [ 533, -153 ],
    [ 534, -521 ],
    [ 535, -367 ],
    [ 536, -149 ],
    [ 537, -9 ],
    [ 538, -53 ],
    [ 539, -615 ],
    [ 540, -335 ],
    [ 541, -81 ],
    [ 542, -611 ],
    [ 543, -157 ],
    [ 544, -759 ],
    [ 545, -3 ],
    [ 546, -11 ],
    [ 547, -537 ],
    [ 548, -749 ],
    [ 549, -625 ],
    [ 550, -5 ],
    [ 551, -231 ],
    [ 552, -503 ],
    [ 553, -441 ],
    [ 554, -567 ],
    [ 555, -595 ],
    [ 556, -1295 ],
    [ 557, -339 ],
    [ 558, -261 ],
    [ 559, -411 ],
    [ 560, -717 ],
    [ 561, -153 ],
    [ 562, -743 ],
    [ 563, -9 ],
    [ 564, -95 ],
    [ 565, -45 ],
    [ 566, -113 ],
    [ 567, -297 ],
    [ 568, -645 ],
    [ 569, -199 ],
    [ 570, -261 ],
    [ 571, -369 ],
    [ 572, -275 ],
    [ 573, -193 ],
    [ 574, -105 ],
    [ 575, -1057 ],
    [ 576, -789 ],
    [ 577, -81 ],
    [ 578, -483 ],
    [ 579, -91 ],
    [ 580, -57 ],
    [ 581, -295 ],
    [ 582, -231 ],
    [ 583, -27 ],
    [ 584, -195 ],
    [ 585, -81 ],
    [ 586, -201 ],
    [ 587, -285 ],
    [ 588, -513 ],
    [ 589, -181 ],
    [ 590, -773 ],
    [ 591, -291 ],
    [ 592, -935 ],
    [ 593, -363 ],
    [ 594, -165 ],
    [ 595, -81 ],
    [ 596, -117 ],
    [ 597, -591 ],
    [ 598, -587 ],
    [ 599, -91 ],
    [ 600, -95 ],
    [ 601, -229 ],
    [ 602, -75 ],
    [ 603, -1137 ],
    [ 604, -585 ],
    [ 605, -519 ],
    [ 606, -153 ],
    [ 607, -1 ],
    [ 608, -527 ],
    [ 609, -1125 ],
    [ 610, -27 ],
    [ 611, -187 ],
    [ 612, -683 ],
    [ 613, -381 ],
    [ 614, -297 ],
    [ 615, -201 ],
    [ 616, -459 ],
    [ 617, -199 ],
    [ 618, -2487 ],
    [ 619, -45 ],
    [ 620, -15 ],
    [ 621, -223 ],
    [ 622, -195 ],
    [ 623, -219 ],
    [ 624, -117 ],
    [ 625, -199 ],
    [ 626, -131 ],
    [ 627, -217 ],
    [ 628, -455 ],
    [ 629, -709 ],
    [ 630, -395 ],
    [ 631, -759 ],
    [ 632, -813 ],
    [ 633, -441 ],
    [ 634, -141 ],
    [ 635, -135 ],
    [ 636, -87 ],
    [ 637, -111 ],
    [ 638, -405 ],
    [ 639, -499 ],
    [ 640, -305 ],
    [ 641, -73 ],
    [ 642, -563 ],
    [ 643, -397 ],
    [ 644, -369 ],
    [ 645, -1731 ],
    [ 646, -987 ],
    [ 647, -357 ],
    [ 648, -195 ],
    [ 649, -123 ],
    [ 650, -611 ],
    [ 651, -565 ],
    [ 652, -333 ],
    [ 653, -475 ],
    [ 654, -971 ],
    [ 655, -405 ],
    [ 656, -143 ],
    [ 657, -723 ],
    [ 658, -785 ],
    [ 659, -799 ],
    [ 660, -473 ],
    [ 661, -589 ],
    [ 662, -1017 ],
    [ 663, -67 ],
    [ 664, -17 ],
    [ 665, -541 ],
    [ 666, -93 ],
    [ 667, -241 ],
    [ 668, -209 ],
    [ 669, -339 ],
    [ 670, -161 ],
    [ 671, -1185 ],
    [ 672, -399 ],
    [ 673, -141 ],
    [ 674, -87 ],
    [ 675, -517 ],
    [ 676, -767 ],
    [ 677, -631 ],
    [ 678, -41 ],
    [ 679, -1959 ],
    [ 680, -939 ],
    [ 681, -159 ],
    [ 682, -63 ],
    [ 683, -45 ],
    [ 684, -107 ],
    [ 685, -679 ],
    [ 686, -651 ],
    [ 687, -871 ],
    [ 688, -759 ],
    [ 689, -3 ],
    [ 690, -455 ],
    [ 691, -1057 ],
    [ 692, -65 ],
    [ 693, -739 ],
    [ 694, -3 ],
    [ 695, -49 ],
    [ 696, -447 ],
    [ 697, -343 ],
    [ 698, -723 ],
    [ 699, -9 ],
    [ 700, -1113 ],
    [ 701, -159 ],
    [ 702, -87 ],
    [ 703, -529 ],
    [ 704, -245 ],
    [ 705, -1255 ],
    [ 706, -5 ],
    [ 707, -91 ],
    [ 708, -149 ],
    [ 709, -1923 ],
    [ 710, -1127 ],
    [ 711, -207 ],
    [ 712, -489 ],
    [ 713, -729 ],
    [ 714, -167 ],
    [ 715, -7 ],
    [ 716, -153 ],
    [ 717, -25 ],
    [ 718, -753 ],
    [ 719, -717 ],
    [ 720, -395 ],
    [ 721, -61 ],
    [ 722, -275 ],
    [ 723, -465 ],
    [ 724, -287 ],
    [ 725, -33 ],
    [ 726, -807 ],
    [ 727, -657 ],
    [ 728, -77 ],
    [ 729, -9 ],
    [ 730, -483 ],
    [ 731, -951 ],
    [ 732, -303 ],
    [ 733, -609 ],
    [ 734, -261 ],
    [ 735, -607 ],
    [ 736, -509 ],
    [ 737, -771 ],
    [ 738, -171 ],
    [ 739, -789 ],
    [ 740, -875 ],
    [ 741, -795 ],
    [ 742, -1281 ],
    [ 743, -37 ],
    [ 744, -173 ],
    [ 745, -225 ],
    [ 746, -665 ],
    [ 747, -1299 ],
    [ 748, -153 ],
    [ 749, -723 ],
    [ 750, -161 ],
    [ 751, -165 ],
    [ 752, -875 ],
    [ 753, -1101 ],
    [ 754, -417 ],
    [ 755, -199 ],
    [ 756, -107 ],
    [ 757, -141 ],
    [ 758, -363 ],
    [ 759, -529 ],
    [ 760, -173 ],
    [ 761, -285 ],
    [ 762, -143 ],
    [ 763, -267 ],
    [ 764, -393 ],
    [ 765, -415 ],
    [ 766, -641 ],
    [ 767, -1081 ],
    [ 768, -825 ],
    [ 769, -279 ],
    [ 770, -495 ],
    [ 771, -67 ],
    [ 772, -545 ],
    [ 773, -649 ],
    [ 774, -611 ],
    [ 775, -381 ],
    [ 776, -1539 ],
    [ 777, -1011 ],
    [ 778, -483 ],
    [ 779, -87 ],
    [ 780, -147 ],
    [ 781, -3345 ],
    [ 782, -551 ],
    [ 783, -301 ],
    [ 784, -759 ],
    [ 785, -349 ],
    [ 786, -137 ],
    [ 787, -277 ],
    [ 788, -453 ],
    [ 789, -201 ],
    [ 790, -677 ],
    [ 791, -337 ],
    [ 792, -1299 ],
    [ 793, -175 ],
    [ 794, -513 ],
    [ 795, -409 ],
    [ 796, -267 ],
    [ 797, -1095 ],
    [ 798, -503 ],
    [ 799, -411 ],
    [ 800, -105 ],
    [ 801, -205 ],
    [ 802, -47 ],
    [ 803, -495 ],
    [ 804, -387 ],
    [ 805, -511 ],
    [ 806, -621 ],
    [ 807, -189 ],
    [ 808, -17 ],
    [ 809, -313 ],
    [ 810, -5 ],
    [ 811, -87 ],
    [ 812, -195 ],
    [ 813, -73 ],
    [ 814, -281 ],
    [ 815, -61 ],
    [ 816, -959 ],
    [ 817, -295 ],
    [ 818, -281 ],
    [ 819, -579 ],
    [ 820, -519 ],
    [ 821, -139 ],
    [ 822, -195 ],
    [ 823, -97 ],
    [ 824, -209 ],
    [ 825, -61 ],
    [ 826, -755 ],
    [ 827, -199 ],
    [ 828, -423 ],
    [ 829, -123 ],
    [ 830, -153 ],
    [ 831, -1869 ],
    [ 832, -143 ],
    [ 833, -519 ],
    [ 834, -87 ],
    [ 835, -1821 ],
    [ 836, -447 ],
    [ 837, -1335 ],
    [ 838, -95 ],
    [ 839, -639 ],
    [ 840, -213 ],
    [ 841, -201 ],
    [ 842, -371 ],
    [ 843, -445 ],
    [ 844, -435 ],
    [ 845, -301 ],
    [ 846, -63 ],
    [ 847, -399 ],
    [ 848, -17 ],
    [ 849, -871 ],
    [ 850, -3 ],
    [ 851, -3417 ],
    [ 852, -777 ],
    [ 853, -1923 ],
    [ 854, -393 ],
    [ 855, -387 ],
    [ 856, -459 ],
    [ 857, -441 ],
    [ 858, -437 ],
    [ 859, -825 ],
    [ 860, -1967 ],
    [ 861, -441 ],
    [ 862, -1887 ],
    [ 863, -421 ],
    [ 864, -243 ],
    [ 865, -103 ],
    [ 866, -1713 ],
    [ 867, -555 ],
    [ 868, -467 ],
    [ 869, -21 ],
    [ 870, -783 ],
    [ 871, -301 ],
    [ 872, -177 ],
    [ 873, -441 ],
    [ 874, -1065 ],
    [ 875, -727 ],
    [ 876, -117 ],
    [ 877, -393 ],
    [ 878, -111 ],
    [ 879, -681 ],
    [ 880, -113 ],
    [ 881, -661 ],
    [ 882, -2201 ],
    [ 883, -91 ],
    [ 884, -189 ],
    [ 885, -541 ],
    [ 886, -45 ],
    [ 887, -69 ],
    [ 888, -915 ],
    [ 889, -49 ],
    [ 890, -135 ],
    [ 891, -201 ],
    [ 892, -395 ],
    [ 893, -1065 ],
    [ 894, -881 ],
    [ 895, -481 ],
    [ 896, -213 ],
    [ 897, -649 ],
    [ 898, -365 ],
    [ 899, -337 ],
    [ 900, -207 ],
    [ 901, -1281 ],
    [ 902, -1667 ],
    [ 903, -585 ],
    [ 904, -609 ],
    [ 905, -75 ],
    [ 906, -353 ],
    [ 907, -49 ],
    [ 908, -423 ],
    [ 909, -153 ],
    [ 910, -357 ],
    [ 911, -1191 ],
    [ 912, -1935 ],
    [ 913, -981 ],
    [ 914, -185 ],
    [ 915, -2145 ],
    [ 916, -683 ],
    [ 917, -189 ],
    [ 918, -957 ],
    [ 919, -241 ],
    [ 920, -185 ],
    [ 921, -669 ],
    [ 922, -483 ],
    [ 923, -31 ],
    [ 924, -143 ],
    [ 925, -421 ],
    [ 926, -1037 ],
    [ 927, -1501 ],
    [ 928, -645 ],
    [ 929, -979 ],
    [ 930, -765 ],
    [ 931, -129 ],
    [ 932, -617 ],
    [ 933, -133 ],
    [ 934, -365 ],
    [ 935, -799 ],
    [ 936, -1325 ],
    [ 937, -489 ],
    [ 938, -1601 ],
    [ 939, -205 ],
    [ 940, -215 ],
    [ 941, -385 ],
    [ 942, -627 ],
    [ 943, -367 ],
    [ 944, -573 ],
    [ 945, -451 ],
    [ 946, -1055 ],
    [ 947, -519 ],
    [ 948, -1629 ],
    [ 949, -81 ],
    [ 950, -117 ],
    [ 951, -1467 ],
    [ 952, -99 ],
    [ 953, -229 ],
    [ 954, -485 ],
    [ 955, -1027 ],
    [ 956, -1337 ],
    [ 957, -489 ],
    [ 958, -1127 ],
    [ 959, -439 ],
    [ 960, -167 ],
    [ 961, -129 ],
    [ 962, -1697 ],
    [ 963, -109 ],
    [ 964, -293 ],
    [ 965, -3151 ],
    [ 966, -1383 ],
    [ 967, -69 ],
    [ 968, -1347 ],
    [ 969, -1179 ],
    [ 970, -237 ],
    [ 971, -547 ],
    [ 972, -185 ],
    [ 973, -1153 ],
    [ 974, -651 ],
    [ 975, -115 ],
    [ 976, -2147 ],
    [ 977, -169 ],
    [ 978, -2355 ],
    [ 979, -819 ],
    [ 980, -525 ],
    [ 981, -325 ],
    [ 982, -1631 ],
    [ 983, -405 ],
    [ 984, -557 ],
    [ 985, -805 ],
    [ 986, -77 ],
    [ 987, -927 ],
    [ 988, -273 ],
    [ 989, -243 ],
    [ 990, -195 ],
    [ 991, -537 ],
    [ 992, -1779 ],
    [ 993, -45 ],
    [ 994, -1133 ],
    [ 995, -987 ],
    [ 996, -123 ],
    [ 997, -103 ],
    [ 998, -1133 ],
    [ 999, -139 ],
    [ 1000, -1245 ],
    [ 1001, -549 ],
    [ 1002, -387 ],
    [ 1003, -241 ],
    [ 1004, -1037 ],
    [ 1005, -979 ],
    [ 1006, -825 ],
    [ 1007, -61 ],
    [ 1008, -33 ],
    [ 1009, -1131 ],
    [ 1010, -231 ],
    [ 1011, -1209 ],
    [ 1012, -87 ],
    [ 1013, -1725 ],
    [ 1014, -347 ],
    [ 1015, -789 ],
    [ 1016, -303 ],
    [ 1017, -1449 ],
    [ 1018, -57 ],
    [ 1019, -135 ],
    [ 1020, -537 ],
    [ 1021, -553 ],
    [ 1022, -755 ],
    [ 1023, -361 ],
    [ 1024, -105 ],
    [ 1025, -2673 ],
    [ 1026, -2531 ],
    [ 1027, -4959 ],
    [ 1028, -497 ],
    [ 1029, -1195 ],
    [ 1030, -27 ],
    [ 1031, -171 ],
    [ 1032, -909 ],
    [ 1033, -319 ],
    [ 1034, -897 ],
    [ 1035, -441 ],
    [ 1036, -1127 ],
    [ 1037, -1359 ],
    [ 1038, -1535 ],
    [ 1039, -75 ],
    [ 1040, -395 ],
    [ 1041, -1083 ],
    [ 1042, -1065 ],
    [ 1043, -307 ],
    [ 1044, -567 ],
    [ 1045, -1435 ],
    [ 1046, -101 ],
    [ 1047, -1095 ],
    [ 1048, -449 ],
    [ 1049, -243 ],
    [ 1050, -1881 ],
    [ 1051, -175 ],
    [ 1052, -3789 ],
    [ 1053, -313 ],
    [ 1054, -33 ],
    [ 1055, -381 ],
    [ 1056, -725 ],
    [ 1057, -603 ],
    [ 1058, -125 ],
    [ 1059, -1449 ],
    [ 1060, -599 ],
    [ 1061, -349 ],
    [ 1062, -177 ],
    [ 1063, -585 ],
    [ 1064, -257 ],
    [ 1065, -51 ],
    [ 1066, -113 ],
    [ 1067, -525 ],
    [ 1068, -279 ],
    [ 1069, -195 ],
    [ 1070, -783 ],
    [ 1071, -741 ],
    [ 1072, -1305 ],
    [ 1073, -111 ],
    [ 1074, -683 ],
    [ 1075, -2301 ],
    [ 1076, -825 ],
    [ 1077, -33 ],
    [ 1078, -801 ],
    [ 1079, -75 ],
    [ 1080, -405 ],
    [ 1081, -235 ],
    [ 1082, -1223 ],
    [ 1083, -207 ],
    [ 1084, -285 ],
    [ 1085, -1321 ],
    [ 1086, -3323 ],
    [ 1087, -4005 ],
    [ 1088, -89 ],
    [ 1089, -849 ],
    [ 1090, -53 ],
    [ 1091, -1455 ],
    [ 1092, -1085 ],
    [ 1093, -255 ],
    [ 1094, -311 ],
    [ 1095, -45 ],
    [ 1096, -2255 ],
    [ 1097, -411 ],
    [ 1098, -263 ],
    [ 1099, -1035 ],
    [ 1100, -75 ],
    [ 1101, -303 ],
    [ 1102, -173 ],
    [ 1103, -55 ],
    [ 1104, -1049 ],
    [ 1105, -1335 ],
    [ 1106, -483 ],
    [ 1107, -199 ],
    [ 1108, -405 ],
    [ 1109, -363 ],
    [ 1110, -413 ],
    [ 1111, -325 ],
    [ 1112, -129 ],
    [ 1113, -1129 ],
    [ 1114, -587 ],
    [ 1115, -421 ],
    [ 1116, -93 ],
    [ 1117, -703 ],
    [ 1118, -533 ],
    [ 1119, -795 ],
    [ 1120, -2555 ],
    [ 1121, -481 ],
    [ 1122, -1727 ],
    [ 1123, -915 ],
    [ 1124, -2627 ],
    [ 1125, -195 ],
    [ 1126, -605 ],
    [ 1127, -2259 ],
    [ 1128, -627 ],
    [ 1129, -855 ],
    [ 1130, -257 ],
    [ 1131, -597 ],
    [ 1132, -39 ],
    [ 1133, -1015 ],
    [ 1134, -83 ],
    [ 1135, -957 ],
    [ 1136, -5 ],
    [ 1137, -609 ],
    [ 1138, -185 ],
    [ 1139, -1729 ],
    [ 1140, -185 ],
    [ 1141, -1855 ],
    [ 1142, -1235 ],
    [ 1143, -1095 ],
    [ 1144, -1079 ],
    [ 1145, -303 ],
    [ 1146, -131 ],
    [ 1147, -3181 ],
    [ 1148, -617 ],
    [ 1149, -549 ],
    [ 1150, -237 ],
    [ 1151, -139 ],
    [ 1152, -927 ],
    [ 1153, -999 ],
    [ 1154, -1121 ],
    [ 1155, -345 ],
    [ 1156, -293 ],
    [ 1157, -1629 ],
    [ 1158, -681 ],
    [ 1159, -129 ],
    [ 1160, -2523 ],
    [ 1161, -205 ],
    [ 1162, -1077 ],
    [ 1163, -117 ],
    [ 1164, -333 ],
    [ 1165, -201 ],
    [ 1166, -1181 ],
    [ 1167, -279 ],
    [ 1168, -1013 ],
    [ 1169, -1281 ],
    [ 1170, -833 ],
    [ 1171, -49 ],
    [ 1172, -63 ],
    [ 1173, -1041 ],
    [ 1174, -195 ],
    [ 1175, -229 ],
    [ 1176, -335 ],
    [ 1177, -211 ],
    [ 1178, -825 ],
    [ 1179, -885 ],
    [ 1180, -113 ],
    [ 1181, -55 ],
    [ 1182, -1605 ],
    [ 1183, -69 ],
    [ 1184, -107 ],
    [ 1185, -405 ],
    [ 1186, -243 ],
    [ 1187, -1455 ],
    [ 1188, -483 ],
    [ 1189, -133 ],
    [ 1190, -827 ],
    [ 1191, -181 ],
    [ 1192, -503 ],
    [ 1193, -729 ],
    [ 1194, -713 ],
    [ 1195, -561 ],
    [ 1196, -299 ],
    [ 1197, -111 ],
    [ 1198, -227 ],
    [ 1199, -979 ],
    [ 1200, -305 ],
    [ 1201, -151 ],
    [ 1202, -1371 ],
    [ 1203, -741 ],
    [ 1204, -35 ],
    [ 1205, -85 ],
    [ 1206, -1283 ],
    [ 1207, -357 ],
    [ 1208, -237 ],
    [ 1209, -63 ],
    [ 1210, -405 ],
    [ 1211, -987 ],
    [ 1212, -249 ],
    [ 1213, -589 ],
    [ 1214, -65 ],
    [ 1215, -679 ],
    [ 1216, -563 ],
    [ 1217, -849 ],
    [ 1218, -1673 ],
    [ 1219, -525 ],
    [ 1220, -227 ],
    [ 1221, -469 ],
    [ 1222, -1265 ],
    [ 1223, -421 ],
    [ 1224, -1577 ],
    [ 1225, -369 ],
    [ 1226, -2247 ],
    [ 1227, -219 ],
    [ 1228, -5 ],
    [ 1229, -181 ],
    [ 1230, -123 ],
    [ 1231, -511 ],
    [ 1232, -267 ],
    [ 1233, -471 ],
    [ 1234, -405 ],
    [ 1235, -715 ],
    [ 1236, -165 ],
    [ 1237, -129 ],
    [ 1238, -65 ],
    [ 1239, -55 ],
    [ 1240, -669 ],
    [ 1241, -73 ],
    [ 1242, -1535 ],
    [ 1243, -717 ],
    [ 1244, -1139 ],
    [ 1245, -675 ],
    [ 1246, -165 ],
    [ 1247, -331 ],
    [ 1248, -635 ],
    [ 1249, -265 ],
    [ 1250, -597 ],
    [ 1251, -1237 ],
    [ 1252, -495 ],
    [ 1253, -1065 ],
    [ 1254, -453 ],
    [ 1255, -67 ],
    [ 1256, -233 ],
    [ 1257, -1861 ],
    [ 1258, -405 ],
    [ 1259, -645 ],
    [ 1260, -35 ],
    [ 1261, -465 ],
    [ 1262, -941 ],
    [ 1263, -31 ],
    [ 1264, -299 ],
    [ 1265, -3705 ],
    [ 1266, -2393 ],
    [ 1267, -181 ],
    [ 1268, -257 ],
    [ 1269, -1159 ],
    [ 1270, -1617 ],
    [ 1271, -1095 ],
    [ 1272, -1593 ],
    [ 1273, -735 ],
    [ 1274, -825 ],
    [ 1275, -691 ],
    [ 1276, -117 ],
    [ 1277, -555 ],
    [ 1278, -45 ],
    [ 1279, -1 ],
    [ 1280, -1175 ],
    [ 1281, -1339 ],
    [ 1282, -1793 ],
    [ 1283, -691 ],
    [ 1284, -773 ],
    [ 1285, -529 ],
    [ 1286, -261 ],
    [ 1287, -387 ],
    [ 1288, -1487 ],
    [ 1289, -1489 ],
    [ 1290, -425 ],
    [ 1291, -325 ],
    [ 1292, -3023 ],
    [ 1293, -819 ],
    [ 1294, -587 ],
    [ 1295, -817 ],
    [ 1296, -767 ],
    [ 1297, -1743 ],
    [ 1298, -741 ],
    [ 1299, -2007 ],
    [ 1300, -75 ],
    [ 1301, -1323 ],
    [ 1302, -1301 ],
    [ 1303, -1677 ],
    [ 1304, -927 ],
    [ 1305, -871 ],
    [ 1306, -347 ],
    [ 1307, -757 ],
    [ 1308, -243 ],
    [ 1309, -1993 ],
    [ 1310, -201 ],
    [ 1311, -1609 ],
    [ 1312, -509 ],
    [ 1313, -1015 ],
    [ 1314, -971 ],
    [ 1315, -1225 ],
    [ 1316, -723 ],
    [ 1317, -453 ],
    [ 1318, -1187 ],
    [ 1319, -769 ],
    [ 1320, -377 ],
    [ 1321, -1195 ],
    [ 1322, -141 ],
    [ 1323, -661 ],
    [ 1324, -209 ],
    [ 1325, -1521 ],
    [ 1326, -173 ],
    [ 1327, -1495 ],
    [ 1328, -807 ],
    [ 1329, -979 ],
    [ 1330, -477 ],
    [ 1331, -451 ],
    [ 1332, -1623 ],
    [ 1333, -699 ],
    [ 1334, -2091 ],
    [ 1335, -2407 ],
    [ 1336, -1029 ],
    [ 1337, -415 ],
    [ 1338, -423 ],
    [ 1339, -865 ],
    [ 1340, -2397 ],
    [ 1341, -1945 ],
    [ 1342, -227 ],
    [ 1343, -1351 ],
    [ 1344, -1175 ],
    [ 1345, -81 ],
    [ 1346, -1151 ],
    [ 1347, -441 ],
    [ 1348, -467 ],
    [ 1349, -349 ],
    [ 1350, -291 ],
    [ 1351, -295 ],
    [ 1352, -317 ],
    [ 1353, -2781 ],
    [ 1354, -141 ],
    [ 1355, -495 ],
    [ 1356, -87 ],
    [ 1357, -1179 ],
    [ 1358, -3947 ],
    [ 1359, -459 ],
    [ 1360, -747 ],
    [ 1361, -99 ],
    [ 1362, -425 ],
    [ 1363, -1081 ],
    [ 1364, -903 ],
    [ 1365, -363 ],
    [ 1366, -1377 ],
    [ 1367, -547 ],
    [ 1368, -1187 ],
    [ 1369, -645 ],
    [ 1370, -117 ],
    [ 1371, -291 ],
    [ 1372, -273 ],
    [ 1373, -421 ],
    [ 1374, -383 ],
    [ 1375, -291 ],
    [ 1376, -929 ],
    [ 1377, -319 ],
    [ 1378, -747 ],
    [ 1379, -561 ],
    [ 1380, -719 ],
    [ 1381, -1491 ],
    [ 1382, -435 ],
    [ 1383, -1459 ],
    [ 1384, -3153 ],
    [ 1385, -2101 ],
    [ 1386, -483 ],
    [ 1387, -1879 ],
    [ 1388, -1479 ],
    [ 1389, -1515 ],
    [ 1390, -1331 ],
    [ 1391, -559 ],
    [ 1392, -33 ],
    [ 1393, -609 ],
    [ 1394, -1155 ],
    [ 1395, -355 ],
    [ 1396, -903 ],
    [ 1397, -615 ],
    [ 1398, -1073 ],
    [ 1399, -439 ],
    [ 1400, -609 ],
    [ 1401, -741 ],
    [ 1402, -467 ],
    [ 1403, -61 ],
    [ 1404, -767 ],
    [ 1405, -963 ],
    [ 1406, -1415 ],
    [ 1407, -285 ],
    [ 1408, -413 ],
    [ 1409, -55 ],
    [ 1410, -41 ],
    [ 1411, -1999 ],
    [ 1412, -395 ],
    [ 1413, -513 ],
    [ 1414, -893 ],
    [ 1415, -2277 ],
    [ 1416, -117 ],
    [ 1417, -445 ],
    [ 1418, -257 ],
    [ 1419, -555 ],
    [ 1420, -1287 ],
    [ 1421, -411 ],
    [ 1422, -611 ],
    [ 1423, -381 ],
    [ 1424, -575 ],
    [ 1425, -2055 ],
    [ 1426, -1085 ],
    [ 1427, -385 ],
    [ 1428, -983 ],
    [ 1429, -1519 ],
    [ 1430, -611 ],
    [ 1431, -705 ],
    [ 1432, -339 ],
    [ 1433, -589 ],
    [ 1434, -23 ],
    [ 1435, -885 ],
    [ 1436, -173 ],
    [ 1437, -1843 ],
    [ 1438, -1251 ],
    [ 1439, -997 ],
    [ 1440, -857 ],
    [ 1441, -253 ],
    [ 1442, -561 ],
    [ 1443, -121 ],
    [ 1444, -2373 ],
    [ 1445, -255 ],
    [ 1446, -177 ],
    [ 1447, -805 ],
    [ 1448, -65 ],
    [ 1449, -651 ],
    [ 1450, -2111 ],
    [ 1451, -4147 ],
    [ 1452, -1217 ],
    [ 1453, -489 ],
    [ 1454, -1125 ],
    [ 1455, -357 ],
    [ 1456, -827 ],
    [ 1457, -2869 ],
    [ 1458, -437 ],
    [ 1459, -939 ],
    [ 1460, -153 ],
    [ 1461, -363 ],
    [ 1462, -533 ],
    [ 1463, -685 ],
    [ 1464, -297 ],
    [ 1465, -1083 ],
    [ 1466, -2067 ],
    [ 1467, -55 ],
    [ 1468, -573 ],
    [ 1469, -705 ],
    [ 1470, -593 ],
    [ 1471, -759 ],
    [ 1472, -5309 ],
    [ 1473, -441 ],
    [ 1474, -795 ],
    [ 1475, -289 ],
    [ 1476, -975 ],
    [ 1477, -1795 ],
    [ 1478, -885 ],
    [ 1479, -195 ],
    [ 1480, -717 ],
    [ 1481, -315 ],
    [ 1482, -75 ],
    [ 1483, -417 ],
    [ 1484, -3317 ],
    [ 1485, -1845 ],
    [ 1486, -35 ],
    [ 1487, -421 ],
    [ 1488, -189 ],
    [ 1489, -1119 ],
    [ 1490, -1335 ],
    [ 1491, -559 ],
    [ 1492, -95 ],
    [ 1493, -363 ],
    [ 1494, -677 ],
    [ 1495, -237 ],
    [ 1496, -569 ],
    [ 1497, -1165 ],
    [ 1498, -1293 ],
    [ 1499, -211 ],
    [ 1500, -669 ],
    [ 1501, -2143 ],
    [ 1502, -815 ],
    [ 1503, -325 ],
    [ 1504, -1019 ],
    [ 1505, -33 ],
    [ 1506, -257 ],
    [ 1507, -2805 ],
    [ 1508, -2633 ],
    [ 1509, -4533 ],
    [ 1510, -2525 ],
    [ 1511, -2031 ],
    [ 1512, -263 ],
    [ 1513, -963 ],
    [ 1514, -371 ],
    [ 1515, -471 ],
    [ 1516, -1739 ],
    [ 1517, -135 ],
    [ 1518, -2063 ],
    [ 1519, -775 ],
    [ 1520, -509 ],
    [ 1521, -171 ],
    [ 1522, -4551 ],
    [ 1523, -45 ],
    [ 1524, -705 ],
    [ 1525, -1951 ],
    [ 1526, -51 ],
    [ 1527, -49 ],
    [ 1528, -155 ],
    [ 1529, -2491 ],
    [ 1530, -1203 ],
    [ 1531, -225 ],
    [ 1532, -315 ],
    [ 1533, -73 ],
    [ 1534, -1893 ],
    [ 1535, -1317 ],
    [ 1536, -3453 ],
    [ 1537, -175 ],
    [ 1538, -651 ],
    [ 1539, -235 ],
    [ 1540, -417 ],
    [ 1541, -195 ],
    [ 1542, -1371 ],
    [ 1543, -1309 ],
    [ 1544, -617 ],
    [ 1545, -1081 ],
    [ 1546, -2747 ],
    [ 1547, -831 ],
    [ 1548, -1095 ],
    [ 1549, -571 ],
    [ 1550, -3317 ],
    [ 1551, -2617 ],
    [ 1552, -1397 ],
    [ 1553, -4381 ],
    [ 1554, -485 ],
    [ 1555, -1711 ],
    [ 1556, -245 ],
    [ 1557, -1441 ],
    [ 1558, -2661 ],
    [ 1559, -687 ],
    [ 1560, -1323 ],
    [ 1561, -1999 ],
    [ 1562, -1097 ],
    [ 1563, -409 ],
    [ 1564, -587 ],
    [ 1565, -135 ],
    [ 1566, -1655 ],
    [ 1567, -307 ],
    [ 1568, -1137 ],
    [ 1569, -403 ],
    [ 1570, -3185 ],
    [ 1571, -1101 ],
    [ 1572, -737 ],
    [ 1573, -45 ],
    [ 1574, -1233 ],
    [ 1575, -669 ],
    [ 1576, -125 ],
    [ 1577, -1555 ],
    [ 1578, -585 ],
    [ 1579, -57 ],
    [ 1580, -129 ],
    [ 1581, -415 ],
    [ 1582, -2355 ],
    [ 1583, -211 ],
    [ 1584, -557 ],
    [ 1585, -1111 ],
    [ 1586, -107 ],
    [ 1587, -1077 ],
    [ 1588, -615 ],
    [ 1589, -21 ],
    [ 1590, -9903 ],
    [ 1591, -3015 ],
    [ 1592, -23 ],
    [ 1593, -1105 ],
    [ 1594, -2147 ],
    [ 1595, -1057 ],
    [ 1596, -965 ],
    [ 1597, -2203 ],
    [ 1598, -231 ],
    [ 1599, -745 ],
    [ 1600, -2273 ],
    [ 1601, -765 ],
    [ 1602, -797 ],
    [ 1603, -3379 ],
    [ 1604, -1797 ],
    [ 1605, -1161 ],
    [ 1606, -2457 ],
    [ 1607, -399 ],
    [ 1608, -107 ],
    [ 1609, -339 ],
    [ 1610, -267 ],
    [ 1611, -1119 ],
    [ 1612, -3015 ],
    [ 1613, -1525 ],
    [ 1614, -2307 ],
    [ 1615, -1609 ],
    [ 1616, -723 ],
    [ 1617, -1405 ],
    [ 1618, -1361 ],
    [ 1619, -1461 ],
    [ 1620, -1875 ],
    [ 1621, -109 ],
    [ 1622, -3263 ],
    [ 1623, -4347 ],
    [ 1624, -537 ],
    [ 1625, -1909 ],
    [ 1626, -3335 ],
    [ 1627, -727 ],
    [ 1628, -2057 ],
    [ 1629, -63 ],
    [ 1630, -1151 ],
    [ 1631, -861 ],
    [ 1632, -605 ],
    [ 1633, -91 ],
    [ 1634, -561 ],
    [ 1635, -531 ],
    [ 1636, -2775 ],
    [ 1637, -1083 ],
    [ 1638, -65 ],
    [ 1639, -1627 ],
    [ 1640, -387 ],
    [ 1641, -885 ],
    [ 1642, -315 ],
    [ 1643, -1149 ],
    [ 1644, -219 ],
    [ 1645, -3561 ],
    [ 1646, -15 ],
    [ 1647, -1677 ],
    [ 1648, -1049 ],
    [ 1649, -163 ],
    [ 1650, -2153 ],
    [ 1651, -4975 ],
    [ 1652, -3429 ],
    [ 1653, -2013 ],
    [ 1654, -437 ],
    [ 1655, -987 ],
    [ 1656, -2183 ],
    [ 1657, -309 ],
    [ 1658, -887 ],
    [ 1659, -1389 ],
    [ 1660, -675 ],
    [ 1661, -6583 ],
    [ 1662, -1491 ],
    [ 1663, -1237 ],
    [ 1664, -1233 ],
    [ 1665, -469 ],
    [ 1666, -525 ],
    [ 1667, -495 ],
    [ 1668, -23 ],
    [ 1669, -153 ],
    [ 1670, -1331 ],
    [ 1671, -1221 ],
    [ 1672, -4469 ],
    [ 1673, -2679 ],
    [ 1674, -1575 ],
    [ 1675, -777 ],
    [ 1676, -1265 ],
    [ 1677, -181 ],
    [ 1678, -1685 ],
    [ 1679, -1797 ],
    [ 1680, -759 ],
    [ 1681, -1291 ],
    [ 1682, -177 ],
    [ 1683, -165 ],
    [ 1684, -1187 ],
    [ 1685, -343 ],
    [ 1686, -171 ],
    [ 1687, -741 ],
    [ 1688, -3173 ],
    [ 1689, -735 ],
    [ 1690, -161 ],
    [ 1691, -259 ],
    [ 1692, -1983 ],
    [ 1693, -901 ],
    [ 1694, -911 ],
    [ 1695, -877 ],
    [ 1696, -1113 ],
    [ 1697, -1689 ],
    [ 1698, -33 ],
    [ 1699, -871 ],
    [ 1700, -395 ],
    [ 1701, -2263 ],
    [ 1702, -1163 ],
    [ 1703, -717 ],
    [ 1704, -635 ],
    [ 1705, -1063 ],
    [ 1706, -1877 ],
    [ 1707, -949 ],
    [ 1708, -1137 ],
    [ 1709, -1099 ],
    [ 1710, -747 ],
    [ 1711, -2085 ],
    [ 1712, -3885 ],
    [ 1713, -21 ],
    [ 1714, -3587 ],
    [ 1715, -1881 ],
    [ 1716, -359 ],
    [ 1717, -475 ],
    [ 1718, -243 ],
    [ 1719, -1525 ],
    [ 1720, -977 ],
    [ 1721, -1351 ],
    [ 1722, -485 ],
    [ 1723, -669 ],
    [ 1724, -539 ],
    [ 1725, -61 ],
    [ 1726, -573 ],
    [ 1727, -1309 ],
    [ 1728, -1115 ],
    [ 1729, -999 ],
    [ 1730, -1851 ],
    [ 1731, -319 ],
    [ 1732, -69 ],
    [ 1733, -399 ],
    [ 1734, -837 ],
    [ 1735, -2055 ],
    [ 1736, -3 ],
    [ 1737, -2001 ],
    [ 1738, -3755 ],
    [ 1739, -57 ],
    [ 1740, -5925 ],
    [ 1741, -271 ],
    [ 1742, -723 ],
    [ 1743, -637 ],
    [ 1744, -2519 ],
    [ 1745, -1581 ],
    [ 1746, -543 ],
    [ 1747, -1719 ],
    [ 1748, -693 ],
    [ 1749, -1635 ],
    [ 1750, -717 ],
    [ 1751, -1297 ],
    [ 1752, -167 ],
    [ 1753, -391 ],
    [ 1754, -801 ],
    [ 1755, -889 ],
    [ 1756, -1533 ],
    [ 1757, -541 ],
    [ 1758, -497 ],
    [ 1759, -937 ],
    [ 1760, -2123 ],
    [ 1761, -1339 ],
    [ 1762, -1877 ],
    [ 1763, -511 ],
    [ 1764, -4359 ],
    [ 1765, -3595 ],
    [ 1766, -2207 ],
    [ 1767, -171 ],
    [ 1768, -537 ],
    [ 1769, -1521 ],
    [ 1770, -1151 ],
    [ 1771, -2097 ],
    [ 1772, -563 ],
    [ 1773, -975 ],
    [ 1774, -711 ],
    [ 1775, -1137 ],
    [ 1776, -1073 ],
    [ 1777, -175 ],
    [ 1778, -495 ],
    [ 1779, -1885 ],
    [ 1780, -197 ],
    [ 1781, -2439 ],
    [ 1782, -4781 ],
    [ 1783, -771 ],
    [ 1784, -297 ],
    [ 1785, -1995 ],
    [ 1786, -1751 ],
    [ 1787, -651 ],
    [ 1788, -279 ],
    [ 1789, -2623 ],
    [ 1790, -975 ],
    [ 1791, -597 ],
    [ 1792, -963 ],
    [ 1793, -603 ],
    [ 1794, -65 ],
    [ 1795, -721 ],
    [ 1796, -885 ],
    [ 1797, -961 ],
    [ 1798, -323 ],
    [ 1799, -1855 ],
    [ 1800, -2163 ],
    [ 1801, -2649 ],
    [ 1802, -371 ],
    [ 1803, -321 ],
    [ 1804, -1085 ],
    [ 1805, -771 ],
    [ 1806, -2243 ],
    [ 1807, -2359 ],
    [ 1808, -3009 ],
    [ 1809, -405 ],
    [ 1810, -761 ],
    [ 1811, -1381 ],
    [ 1812, -2163 ],
    [ 1813, -1551 ],
    [ 1814, -2505 ],
    [ 1815, -759 ],
    [ 1816, -2439 ],
    [ 1817, -2259 ],
    [ 1818, -5 ],
    [ 1819, -207 ],
    [ 1820, -663 ],
    [ 1821, -625 ],
    [ 1822, -2747 ],
    [ 1823, -2485 ],
    [ 1824, -6723 ],
    [ 1825, -685 ],
    [ 1826, -2805 ],
    [ 1827, -1257 ],
    [ 1828, -615 ],
    [ 1829, -891 ],
    [ 1830, -3705 ],
    [ 1831, -2379 ],
    [ 1832, -4683 ],
    [ 1833, -61 ],
    [ 1834, -873 ],
    [ 1835, -1065 ],
    [ 1836, -629 ],
    [ 1837, -2233 ],
    [ 1838, -657 ],
    [ 1839, -3259 ],
    [ 1840, -455 ],
    [ 1841, -163 ],
    [ 1842, -663 ],
    [ 1843, -2425 ],
    [ 1844, -2123 ],
    [ 1845, -4821 ],
    [ 1846, -2747 ],
    [ 1847, -2169 ],
    [ 1848, -195 ],
    [ 1849, -309 ],
    [ 1850, -15 ],
    [ 1851, -217 ],
    [ 1852, -1239 ],
    [ 1853, -579 ],
    [ 1854, -1155 ],
    [ 1855, -579 ],
    [ 1856, -1767 ],
    [ 1857, -2149 ],
    [ 1858, -3287 ],
    [ 1859, -271 ],
    [ 1860, -119 ],
    [ 1861, -439 ],
    [ 1862, -3881 ],
    [ 1863, -979 ],
    [ 1864, -119 ],
    [ 1865, -979 ],
    [ 1866, -567 ],
    [ 1867, -511 ],
    [ 1868, -1965 ],
    [ 1869, -2401 ],
    [ 1870, -57 ],
    [ 1871, -457 ],
    [ 1872, -1889 ],
    [ 1873, -1063 ],
    [ 1874, -87 ],
    [ 1875, -79 ],
    [ 1876, -2075 ],
    [ 1877, -829 ],
    [ 1878, -521 ],
    [ 1879, -1681 ],
    [ 1880, -119 ],
    [ 1881, -2259 ],
    [ 1882, -1593 ],
    [ 1883, -285 ],
    [ 1884, -1137 ],
    [ 1885, -4189 ],
    [ 1886, -2687 ],
    [ 1887, -181 ],
    [ 1888, -129 ],
    [ 1889, -2241 ],
    [ 1890, -1025 ],
    [ 1891, -15 ],
    [ 1892, -1067 ],
    [ 1893, -4293 ],
    [ 1894, -425 ],
    [ 1895, -1527 ],
    [ 1896, -1685 ],
    [ 1897, -559 ],
    [ 1898, -4053 ],
    [ 1899, -1915 ],
    [ 1900, -395 ],
    [ 1901, -675 ],
    [ 1902, -1161 ],
    [ 1903, -631 ],
    [ 1904, -99 ],
    [ 1905, -783 ],
    [ 1906, -573 ],
    [ 1907, -2527 ],
    [ 1908, -633 ],
    [ 1909, -1011 ],
    [ 1910, -1175 ],
    [ 1911, -987 ],
    [ 1912, -1149 ],
    [ 1913, -315 ],
    [ 1914, -963 ],
    [ 1915, -2239 ],
    [ 1916, -1587 ],
    [ 1917, -223 ],
    [ 1918, -1523 ],
    [ 1919, -537 ],
    [ 1920, -1503 ],
    [ 1921, -2443 ],
    [ 1922, -2417 ],
    [ 1923, -441 ],
    [ 1924, -7085 ],
    [ 1925, -3625 ],
    [ 1926, -1361 ],
    [ 1927, -175 ],
    [ 1928, -1473 ],
    [ 1929, -1441 ],
    [ 1930, -707 ],
    [ 1931, -49 ],
    [ 1932, -219 ],
    [ 1933, -775 ],
    [ 1934, -741 ],
    [ 1935, -181 ],
    [ 1936, -615 ],
    [ 1937, -85 ],
    [ 1938, -5627 ],
    [ 1939, -55 ],
    [ 1940, -4515 ],
    [ 1941, -1453 ],
    [ 1942, -797 ],
    [ 1943, -609 ],
    [ 1944, -1005 ],
    [ 1945, -1071 ],
    [ 1946, -1133 ],
    [ 1947, -769 ],
    [ 1948, -2747 ],
    [ 1949, -199 ],
    [ 1950, -1691 ],
    [ 1951, -847 ],
    [ 1952, -3479 ],
    [ 1953, -661 ],
    [ 1954, -111 ],
    [ 1955, -1167 ],
    [ 1956, -275 ],
    [ 1957, -1249 ],
    [ 1958, -815 ],
    [ 1959, -2581 ],
    [ 1960, -129 ],
    [ 1961, -2401 ],
    [ 1962, -1641 ],
    [ 1963, -519 ],
    [ 1964, -1653 ],
    [ 1965, -1153 ],
    [ 1966, -41 ],
    [ 1967, -2935 ],
    [ 1968, -303 ],
    [ 1969, -1831 ],
    [ 1970, -3531 ],
    [ 1971, -1561 ],
    [ 1972, -45 ],
    [ 1973, -2379 ],
    [ 1974, -5465 ],
    [ 1975, -517 ],
    [ 1976, -393 ],
    [ 1977, -319 ],
    [ 1978, -2003 ],
    [ 1979, -1707 ],
    [ 1980, -3645 ],
    [ 1981, -4101 ],
    [ 1982, -513 ],
    [ 1983, -7 ],
    [ 1984, -815 ],
    [ 1985, -841 ],
    [ 1986, -1067 ],
    [ 1987, -2115 ],
    [ 1988, -605 ],
    [ 1989, -2335 ],
    [ 1990, -1151 ],
    [ 1991, -2227 ],
    [ 1992, -189 ],
    [ 1993, -739 ],
    [ 1994, -2127 ],
    [ 1995, -147 ],
    [ 1996, -2397 ],
    [ 1997, -583 ],
    [ 1998, -485 ],
    [ 1999, -2131 ],
    [ 2000, -2217 ],
    [ 2001, -921 ],
    [ 2002, -297 ],
    [ 2003, -4381 ],
    [ 2004, -213 ],
    [ 2005, -235 ],
    [ 2006, -57 ],
    [ 2007, -2265 ],
    [ 2008, -797 ],
    [ 2009, -1965 ],
    [ 2010, -495 ],
    [ 2011, -3211 ],
    [ 2012, -363 ],
    [ 2013, -699 ],
    [ 2014, -2531 ],
    [ 2015, -1087 ],
    [ 2016, -5133 ],
    [ 2017, -2359 ],
    [ 2018, -495 ],
    [ 2019, -1231 ],
    [ 2020, -69 ],
    [ 2021, -229 ],
    [ 2022, -53 ],
    [ 2023, -985 ],
    [ 2024, -537 ],
    [ 2025, -1125 ],
    [ 2026, -1553 ],
    [ 2027, -1755 ],
    [ 2028, -2825 ],
    [ 2029, -2185 ],
    [ 2030, -1085 ],
    [ 2031, -1995 ],
    [ 2032, -567 ],
    [ 2033, -69 ],
    [ 2034, -3927 ],
    [ 2035, -217 ],
    [ 2036, -567 ],
    [ 2037, -1993 ],
    [ 2038, -963 ],
    [ 2039, -805 ],
    [ 2040, -359 ],
    [ 2041, -921 ],
    [ 2042, -1011 ],
    [ 2043, -549 ],
    [ 2044, -63 ],
    [ 2045, -301 ],
    [ 2046, -633 ],
    [ 2047, -85 ],
    [ 2048, -1557 ],
    [ 2049, -1449 ],
    [ 2050, -7323 ],
    [ 2051, -289 ],
    [ 2052, -395 ],
    [ 2053, -2211 ],
    [ 2054, -675 ],
    [ 2055, -321 ],
    [ 2056, -1037 ],
    [ 2057, -505 ],
    [ 2058, -203 ],
    [ 2059, -1345 ],
    [ 2060, -1863 ],
    [ 2061, -511 ],
    [ 2062, -315 ],
    [ 2063, -1479 ],
    [ 2064, -2307 ],
    [ 2065, -129 ],
    [ 2066, -4443 ],
    [ 2067, -1131 ],
    [ 2068, -1617 ],
    [ 2069, -3241 ],
    [ 2070, -611 ],
    [ 2071, -5059 ],
    [ 2072, -863 ],
    [ 2073, -735 ],
    [ 2074, -2723 ],
    [ 2075, -117 ],
    [ 2076, -465 ],
    [ 2077, -453 ],
    [ 2078, -593 ],
    [ 2079, -1837 ],
    [ 2080, -3339 ],
    [ 2081, -75 ],
    [ 2082, -5105 ],
    [ 2083, -5031 ],
    [ 2084, -1037 ],
    [ 2085, -3441 ],
    [ 2086, -833 ],
    [ 2087, -2275 ],
    [ 2088, -537 ],
    [ 2089, -465 ],
    [ 2090, -215 ],
    [ 2091, -199 ],
    [ 2092, -3947 ],
    [ 2093, -603 ],
    [ 2094, -2331 ],
    [ 2095, -537 ],
    [ 2096, -1679 ],
    [ 2097, -1021 ],
    [ 2098, -1035 ],
    [ 2099, -3345 ],
    [ 2100, -783 ],
    [ 2101, -1491 ],
    [ 2102, -3561 ],
    [ 2103, -4797 ],
    [ 2104, -2289 ],
    [ 2105, -1911 ],
    [ 2106, -2247 ],
    [ 2107, -1407 ],
    [ 2108, -4137 ],
    [ 2109, -4141 ],
    [ 2110, -363 ],
    [ 2111, -187 ],
    [ 2112, -887 ],
    [ 2113, -2283 ],
    [ 2114, -2003 ],
    [ 2115, -6081 ],
    [ 2116, -293 ],
    [ 2117, -475 ],
    [ 2118, -1937 ],
    [ 2119, -2869 ],
    [ 2120, -1193 ],
    [ 2121, -1251 ],
    [ 2122, -3003 ],
    [ 2123, -5097 ],
    [ 2124, -1115 ],
    [ 2125, -4375 ],
    [ 2126, -93 ],
    [ 2127, -849 ],
    [ 2128, -2337 ],
    [ 2129, -429 ],
    [ 2130, -161 ],
    [ 2131, -199 ],
    [ 2132, -999 ],
    [ 2133, -7465 ],
    [ 2134, -1175 ],
    [ 2135, -2625 ],
    [ 2136, -1305 ],
    [ 2137, -175 ],
    [ 2138, -1515 ],
    [ 2139, -2271 ],
    [ 2140, -1377 ],
    [ 2141, -345 ],
    [ 2142, -803 ],
    [ 2143, -861 ],
    [ 2144, -215 ],
    [ 2145, -429 ],
    [ 2146, -3053 ],
    [ 2147, -5241 ],
    [ 2148, -759 ],
    [ 2149, -1713 ],
    [ 2150, -6743 ],
    [ 2151, -1255 ],
    [ 2152, -1767 ],
    [ 2153, -1569 ],
    [ 2154, -2021 ],
    [ 2155, -97 ],
    [ 2156, -153 ],
    [ 2157, -483 ],
    [ 2158, -3473 ],
    [ 2159, -619 ],
    [ 2160, -1763 ],
    [ 2161, -4659 ],
    [ 2162, -233 ],
    [ 2163, -1615 ],
    [ 2164, -2055 ],
    [ 2165, -229 ],
    [ 2166, -773 ],
    [ 2167, -129 ],
    [ 2168, -2715 ],
    [ 2169, -51 ],
    [ 2170, -3381 ],
    [ 2171, -597 ],
    [ 2172, -387 ],
    [ 2173, -651 ],
    [ 2174, -2715 ],
    [ 2175, -2149 ],
    [ 2176, -1833 ],
    [ 2177, -373 ],
    [ 2178, -801 ],
    [ 2179, -4107 ],
    [ 2180, -3813 ],
    [ 2181, -663 ],
    [ 2182, -1457 ],
    [ 2183, -309 ],
    [ 2184, -4949 ],
    [ 2185, -7951 ],
    [ 2186, -1907 ],
    [ 2187, -507 ],
    [ 2188, -249 ],
    [ 2189, -381 ],
    [ 2190, -1763 ],
    [ 2191, -771 ],
    [ 2192, -4839 ],
    [ 2193, -1003 ],
    [ 2194, -165 ],
    [ 2195, -1975 ],
    [ 2196, -789 ],
    [ 2197, -1945 ],
    [ 2198, -1311 ],
    [ 2199, -2299 ],
    [ 2200, -153 ],
    [ 2201, -283 ],
    [ 2202, -1763 ],
    [ 2203, -1 ],
    [ 2204, -2295 ],
    [ 2205, -39 ],
    [ 2206, -2681 ],
    [ 2207, -69 ],
    [ 2208, -7559 ],
    [ 2209, -1483 ],
    [ 2210, -761 ],
    [ 2211, -2511 ],
    [ 2212, -369 ],
    [ 2213, -1003 ],
    [ 2214, -1451 ],
    [ 2215, -619 ],
    [ 2216, -3159 ],
    [ 2217, -1749 ],
    [ 2218, -711 ],
    [ 2219, -3151 ],
    [ 2220, -1775 ],
    [ 2221, -735 ],
    [ 2222, -3143 ],
    [ 2223, -1869 ],
    [ 2224, -867 ],
    [ 2225, -141 ],
    [ 2226, -5367 ],
    [ 2227, -1971 ],
    [ 2228, -359 ],
    [ 2229, -2205 ],
    [ 2230, -563 ],
    [ 2231, -1605 ],
    [ 2232, -597 ],
    [ 2233, -649 ],
    [ 2234, -1533 ],
    [ 2235, -1467 ],
    [ 2236, -873 ],
    [ 2237, -1869 ],
    [ 2238, -2175 ],
    [ 2239, -2079 ],
    [ 2240, -99 ],
    [ 2241, -1171 ],
    [ 2242, -1497 ],
    [ 2243, -831 ],
    [ 2244, -1329 ],
    [ 2245, -1483 ],
    [ 2246, -227 ],
    [ 2247, -2125 ],
    [ 2248, -1805 ],
    [ 2249, -289 ],
    [ 2250, -1631 ],
    [ 2251, -201 ],
    [ 2252, -615 ],
    [ 2253, -3051 ],
    [ 2254, -867 ],
    [ 2255, -1329 ],
    [ 2256, -1689 ],
    [ 2257, -1593 ],
    [ 2258, -437 ],
    [ 2259, -937 ],
    [ 2260, -4323 ],
    [ 2261, -259 ],
    [ 2262, -497 ],
    [ 2263, -109 ],
    [ 2264, -869 ],
    [ 2265, -2785 ],
    [ 2266, -1803 ],
    [ 2267, -499 ],
    [ 2268, -2103 ],
    [ 2269, -201 ],
    [ 2270, -267 ],
    [ 2271, -2511 ],
    [ 2272, -845 ],
    [ 2273, -4623 ],
    [ 2274, -861 ],
    [ 2275, -619 ],
    [ 2276, -567 ],
    [ 2277, -2095 ],
    [ 2278, -171 ],
    [ 2279, -4539 ],
    [ 2280, -1329 ],
    [ 2281, -1 ],
    [ 2282, -117 ],
    [ 2283, -1509 ],
    [ 2284, -129 ],
    [ 2285, -771 ],
    [ 2286, -1085 ],
    [ 2287, -2131 ],
    [ 2288, -1545 ],
    [ 2289, -201 ],
    [ 2290, -363 ],
    [ 2291, -415 ],
    [ 2292, -2313 ],
    [ 2293, -2419 ],
    [ 2294, -3585 ],
    [ 2295, -301 ],
    [ 2296, -2465 ],
    [ 2297, -3621 ],
    [ 2298, -2175 ],
    [ 2299, -1057 ],
    [ 2300, -743 ],
    [ 2301, -1525 ],
    [ 2302, -747 ],
    [ 2303, -2667 ],
    [ 2304, -1857 ],
    [ 2305, -1863 ],
    [ 2306, -2663 ],
    [ 2307, -1887 ],
    [ 2308, -447 ],
    [ 2309, -271 ],
    [ 2310, -2265 ],
    [ 2311, -1959 ],
    [ 2312, -743 ],
    [ 2313, -429 ],
    [ 2314, -2213 ],
    [ 2315, -5671 ],
    [ 2316, -1157 ],
    [ 2317, -1615 ],
    [ 2318, -3561 ],
    [ 2319, -7 ],
    [ 2320, -4103 ],
    [ 2321, -3 ],
    [ 2322, -405 ],
    [ 2323, -2245 ],
    [ 2324, -1007 ],
    [ 2325, -579 ],
    [ 2326, -1235 ],
    [ 2327, -2145 ],
    [ 2328, -65 ],
    [ 2329, -85 ],
    [ 2330, -3533 ],
    [ 2331, -3385 ],
    [ 2332, -1893 ],
    [ 2333, -121 ],
    [ 2334, -2613 ],
    [ 2335, -565 ],
    [ 2336, -99 ],
    [ 2337, -4125 ],
    [ 2338, -771 ],
    [ 2339, -1479 ],
    [ 2340, -2187 ],
    [ 2341, -703 ],
    [ 2342, -911 ],
    [ 2343, -3009 ],
    [ 2344, -87 ],
    [ 2345, -723 ],
    [ 2346, -1271 ],
    [ 2347, -5611 ],
    [ 2348, -623 ],
    [ 2349, -1893 ],
    [ 2350, -1763 ],
    [ 2351, -37 ],
    [ 2352, -237 ],
    [ 2353, -109 ],
    [ 2354, -1437 ],
    [ 2355, -415 ],
    [ 2356, -6879 ],
    [ 2357, -8545 ],
    [ 2358, -983 ],
    [ 2359, -91 ],
    [ 2360, -5145 ],
    [ 2361, -691 ],
    [ 2362, -2517 ],
    [ 2363, -435 ],
    [ 2364, -395 ],
    [ 2365, -481 ],
    [ 2366, -533 ],
    [ 2367, -3721 ],
    [ 2368, -5 ],
    [ 2369, -3703 ],
    [ 2370, -41 ],
    [ 2371, -3931 ],
    [ 2372, -1779 ],
    [ 2373, -105 ],
    [ 2374, -4817 ],
    [ 2375, -1279 ],
    [ 2376, -3447 ],
    [ 2377, -771 ],
    [ 2378, -87 ],
    [ 2379, -51 ],
    [ 2380, -519 ],
    [ 2381, -169 ],
    [ 2382, -3597 ],
    [ 2383, -9205 ],
    [ 2384, -999 ],
    [ 2385, -273 ],
    [ 2386, -927 ],
    [ 2387, -517 ],
    [ 2388, -1409 ],
    [ 2389, -1299 ],
    [ 2390, -7353 ],
    [ 2391, -1101 ],
    [ 2392, -893 ],
    [ 2393, -673 ],
    [ 2394, -411 ],
    [ 2395, -3759 ],
    [ 2396, -303 ],
    [ 2397, -193 ],
    [ 2398, -1383 ],
    [ 2399, -429 ],
    [ 2400, -5 ],
    [ 2401, -579 ],
    [ 2402, -75 ],
    [ 2403, -795 ],
    [ 2404, -1625 ],
    [ 2405, -213 ],
    [ 2406, -6783 ],
    [ 2407, -1959 ],
    [ 2408, -309 ],
    [ 2409, -165 ],
    [ 2410, -1023 ],
    [ 2411, -2245 ],
    [ 2412, -3353 ],
    [ 2413, -5841 ],
    [ 2414, -317 ],
    [ 2415, -181 ],
    [ 2416, -8679 ],
    [ 2417, -391 ],
    [ 2418, -1287 ],
    [ 2419, -649 ],
    [ 2420, -1547 ],
    [ 2421, -349 ],
    [ 2422, -525 ],
    [ 2423, -495 ],
    [ 2424, -945 ],
    [ 2425, -141 ],
    [ 2426, -1491 ],
    [ 2427, -445 ],
    [ 2428, -875 ],
    [ 2429, -1263 ],
    [ 2430, -905 ],
    [ 2431, -637 ],
    [ 2432, -3723 ],
    [ 2433, -2565 ],
    [ 2434, -1953 ],
    [ 2435, -2515 ],
    [ 2436, -2687 ],
    [ 2437, -1209 ],
    [ 2438, -1965 ],
    [ 2439, -2757 ],
    [ 2440, -4355 ],
    [ 2441, -531 ],
    [ 2442, -2603 ],
    [ 2443, -2415 ],
    [ 2444, -3849 ],
    [ 2445, -4771 ],
    [ 2446, -333 ],
    [ 2447, -2305 ],
    [ 2448, -347 ],
    [ 2449, -241 ],
    [ 2450, -1095 ],
    [ 2451, -37 ],
    [ 2452, -467 ],
    [ 2453, -4363 ],
    [ 2454, -567 ],
    [ 2455, -339 ],
    [ 2456, -1997 ],
    [ 2457, -45 ],
    [ 2458, -315 ],
    [ 2459, -1765 ],
    [ 2460, -2699 ],
    [ 2461, -115 ],
    [ 2462, -327 ],
    [ 2463, -511 ],
    [ 2464, -129 ],
    [ 2465, -759 ],
    [ 2466, -1127 ],
    [ 2467, -2197 ],
    [ 2468, -987 ],
    [ 2469, -2665 ],
    [ 2470, -167 ],
    [ 2471, -997 ],
    [ 2472, -3815 ],
    [ 2473, -4059 ],
    [ 2474, -1307 ],
    [ 2475, -429 ],
    [ 2476, -129 ],
    [ 2477, -771 ],
    [ 2478, -681 ],
    [ 2479, -2407 ],
    [ 2480, -317 ],
    [ 2481, -2131 ],
    [ 2482, -6405 ],
    [ 2483, -31 ],
    [ 2484, -7103 ],
    [ 2485, -2539 ],
    [ 2486, -443 ],
    [ 2487, -585 ],
    [ 2488, -507 ],
    [ 2489, -183 ],
    [ 2490, -143 ],
    [ 2491, -2545 ],
    [ 2492, -2955 ],
    [ 2493, -2425 ],
    [ 2494, -1131 ],
    [ 2495, -831 ],
    [ 2496, -257 ],
    [ 2497, -1245 ],
    [ 2498, -353 ],
    [ 2499, -7 ],
    [ 2500, -1623 ]
]
