c:\sys\ut\rpn\rpn.py -l120 -E -a5002 1 3000 range lambda 10 x ** previous_prime 10 x ** - eval 1 enumerate -s1
[
    [ 1, -3 ],
    [ 2, -3 ],
    [ 3, -3 ],
    [ 4, -27 ],
    [ 5, -9 ],
    [ 6, -17 ],
    [ 7, -9 ],
    [ 8, -11 ],
    [ 9, -63 ],
    [ 10, -33 ],
    [ 11, -23 ],
    [ 12, -11 ],
    [ 13, -29 ],
    [ 14, -27 ],
    [ 15, -11 ],
    [ 16, -63 ],
    [ 17, -3 ],
    [ 18, -11 ],
    [ 19, -39 ],
    [ 20, -11 ],
    [ 21, -101 ],
    [ 22, -27 ],
    [ 23, -23 ],
    [ 24, -257 ],
    [ 25, -123 ],
    [ 26, -141 ],
    [ 27, -99 ],
    [ 28, -209 ],
    [ 29, -27 ],
    [ 30, -11 ],
    [ 31, -27 ],
    [ 32, -21 ],
    [ 33, -9 ],
    [ 34, -411 ],
    [ 35, -23 ],
    [ 36, -159 ],
    [ 37, -81 ],
    [ 38, -59 ],
    [ 39, -57 ],
    [ 40, -17 ],
    [ 41, -119 ],
    [ 42, -83 ],
    [ 43, -81 ],
    [ 44, -53 ],
    [ 45, -9 ],
    [ 46, -33 ],
    [ 47, -41 ],
    [ 48, -33 ],
    [ 49, -57 ],
    [ 50, -57 ],
    [ 51, -323 ],
    [ 52, -231 ],
    [ 53, -177 ],
    [ 54, -291 ],
    [ 55, -111 ],
    [ 56, -593 ],
    [ 57, -93 ],
    [ 58, -149 ],
    [ 59, -141 ],
    [ 60, -161 ],
    [ 61, -39 ],
    [ 62, -83 ],
    [ 63, -123 ],
    [ 64, -51 ],
    [ 65, -269 ],
    [ 66, -621 ],
    [ 67, -111 ],
    [ 68, -393 ],
    [ 69, -189 ],
    [ 70, -93 ],
    [ 71, -53 ],
    [ 72, -117 ],
    [ 73, -149 ],
    [ 74, -47 ],
    [ 75, -191 ],
    [ 76, -363 ],
    [ 77, -543 ],
    [ 78, -63 ],
    [ 79, -251 ],
    [ 80, -11 ],
    [ 81, -173 ],
    [ 82, -363 ],
    [ 83, -53 ],
    [ 84, -399 ],
    [ 85, -27 ],
    [ 86, -17 ],
    [ 87, -273 ],
    [ 88, -41 ],
    [ 89, -221 ],
    [ 90, -143 ],
    [ 91, -81 ],
    [ 92, -783 ],
    [ 93, -173 ],
    [ 94, -567 ],
    [ 95, -53 ],
    [ 96, -269 ],
    [ 97, -159 ],
    [ 98, -71 ],
    [ 99, -621 ],
    [ 100, -797 ],
    [ 101, -203 ],
    [ 102, -39 ],
    [ 103, -77 ],
    [ 104, -449 ],
    [ 105, -9 ],
    [ 106, -57 ],
    [ 107, -267 ],
    [ 108, -21 ],
    [ 109, -83 ],
    [ 110, -69 ],
    [ 111, -299 ],
    [ 112, -807 ],
    [ 113, -317 ],
    [ 114, -153 ],
    [ 115, -603 ],
    [ 116, -209 ],
    [ 117, -1031 ],
    [ 118, -143 ],
    [ 119, -513 ],
    [ 120, -173 ],
    [ 121, -33 ],
    [ 122, -299 ],
    [ 123, -773 ],
    [ 124, -63 ],
    [ 125, -177 ],
    [ 126, -513 ],
    [ 127, -71 ],
    [ 128, -17 ],
    [ 129, -267 ],
    [ 130, -41 ],
    [ 131, -113 ],
    [ 132, -483 ],
    [ 133, -207 ],
    [ 134, -117 ],
    [ 135, -1463 ],
    [ 136, -387 ],
    [ 137, -269 ],
    [ 138, -69 ],
    [ 139, -429 ],
    [ 140, -3 ],
    [ 141, -299 ],
    [ 142, -519 ],
    [ 143, -11 ],
    [ 144, -569 ],
    [ 145, -69 ],
    [ 146, -339 ],
    [ 147, -123 ],
    [ 148, -281 ],
    [ 149, -357 ],
    [ 150, -273 ],
    [ 151, -71 ],
    [ 152, -11 ],
    [ 153, -453 ],
    [ 154, -33 ],
    [ 155, -471 ],
    [ 156, -899 ],
    [ 157, -821 ],
    [ 158, -33 ],
    [ 159, -53 ],
    [ 160, -257 ],
    [ 161, -23 ],
    [ 162, -279 ],
    [ 163, -209 ],
    [ 164, -11 ],
    [ 165, -339 ],
    [ 166, -401 ],
    [ 167, -423 ],
    [ 168, -699 ],
    [ 169, -903 ],
    [ 170, -33 ],
    [ 171, -171 ],
    [ 172, -281 ],
    [ 173, -339 ],
    [ 174, -137 ],
    [ 175, -299 ],
    [ 176, -11 ],
    [ 177, -119 ],
    [ 178, -239 ],
    [ 179, -221 ],
    [ 180, -2183 ],
    [ 181, -551 ],
    [ 182, -207 ],
    [ 183, -443 ],
    [ 184, -273 ],
    [ 185, -1211 ],
    [ 186, -479 ],
    [ 187, -57 ],
    [ 188, -179 ],
    [ 189, -537 ],
    [ 190, -1449 ],
    [ 191, -83 ],
    [ 192, -1173 ],
    [ 193, -177 ],
    [ 194, -207 ],
    [ 195, -39 ],
    [ 196, -33 ],
    [ 197, -9 ],
    [ 198, -1571 ],
    [ 199, -9 ],
    [ 200, -189 ],
    [ 201, -179 ],
    [ 202, -267 ],
    [ 203, -113 ],
    [ 204, -117 ],
    [ 205, -173 ],
    [ 206, -147 ],
    [ 207, -249 ],
    [ 208, -251 ],
    [ 209, -533 ],
    [ 210, -171 ],
    [ 211, -33 ],
    [ 212, -543 ],
    [ 213, -509 ],
    [ 214, -513 ],
    [ 215, -221 ],
    [ 216, -1263 ],
    [ 217, -243 ],
    [ 218, -383 ],
    [ 219, -917 ],
    [ 220, -303 ],
    [ 221, -83 ],
    [ 222, -333 ],
    [ 223, -93 ],
    [ 224, -27 ],
    [ 225, -933 ],
    [ 226, -621 ],
    [ 227, -179 ],
    [ 228, -231 ],
    [ 229, -1857 ],
    [ 230, -1053 ],
    [ 231, -47 ],
    [ 232, -1697 ],
    [ 233, -371 ],
    [ 234, -279 ],
    [ 235, -299 ],
    [ 236, -411 ],
    [ 237, -93 ],
    [ 238, -657 ],
    [ 239, -11 ],
    [ 240, -93 ],
    [ 241, -2049 ],
    [ 242, -1943 ],
    [ 243, -183 ],
    [ 244, -953 ],
    [ 245, -141 ],
    [ 246, -857 ],
    [ 247, -687 ],
    [ 248, -59 ],
    [ 249, -107 ],
    [ 250, -33 ],
    [ 251, -753 ],
    [ 252, -257 ],
    [ 253, -251 ],
    [ 254, -599 ],
    [ 255, -339 ],
    [ 256, -813 ],
    [ 257, -933 ],
    [ 258, -369 ],
    [ 259, -579 ],
    [ 260, -2247 ],
    [ 261, -177 ],
    [ 262, -327 ],
    [ 263, -59 ],
    [ 264, -17 ],
    [ 265, -893 ],
    [ 266, -731 ],
    [ 267, -1769 ],
    [ 268, -531 ],
    [ 269, -497 ],
    [ 270, -861 ],
    [ 271, -141 ],
    [ 272, -447 ],
    [ 273, -803 ],
    [ 274, -71 ],
    [ 275, -671 ],
    [ 276, -207 ],
    [ 277, -273 ],
    [ 278, -237 ],
    [ 279, -381 ],
    [ 280, -539 ],
    [ 281, -9 ],
    [ 282, -77 ],
    [ 283, -1049 ],
    [ 284, -467 ],
    [ 285, -117 ],
    [ 286, -143 ],
    [ 287, -701 ],
    [ 288, -117 ],
    [ 289, -249 ],
    [ 290, -1463 ],
    [ 291, -11 ],
    [ 292, -1623 ],
    [ 293, -477 ],
    [ 294, -33 ],
    [ 295, -1131 ],
    [ 296, -839 ],
    [ 297, -651 ],
    [ 298, -399 ],
    [ 299, -171 ],
    [ 300, -69 ],
    [ 301, -9 ],
    [ 302, -291 ],
    [ 303, -59 ],
    [ 304, -59 ],
    [ 305, -561 ],
    [ 306, -167 ],
    [ 307, -807 ],
    [ 308, -629 ],
    [ 309, -113 ],
    [ 310, -93 ],
    [ 311, -893 ],
    [ 312, -249 ],
    [ 313, -51 ],
    [ 314, -1929 ],
    [ 315, -627 ],
    [ 316, -33 ],
    [ 317, -9 ],
    [ 318, -1091 ],
    [ 319, -851 ],
    [ 320, -33 ],
    [ 321, -357 ],
    [ 322, -813 ],
    [ 323, -437 ],
    [ 324, -11 ],
    [ 325, -141 ],
    [ 326, -1001 ],
    [ 327, -491 ],
    [ 328, -839 ],
    [ 329, -1437 ],
    [ 330, -623 ],
    [ 331, -911 ],
    [ 332, -851 ],
    [ 333, -653 ],
    [ 334, -63 ],
    [ 335, -213 ],
    [ 336, -447 ],
    [ 337, -683 ],
    [ 338, -179 ],
    [ 339, -81 ],
    [ 340, -597 ],
    [ 341, -1331 ],
    [ 342, -977 ],
    [ 343, -833 ],
    [ 344, -1419 ],
    [ 345, -191 ],
    [ 346, -1109 ],
    [ 347, -99 ],
    [ 348, -1103 ],
    [ 349, -2603 ],
    [ 350, -1643 ],
    [ 351, -1919 ],
    [ 352, -327 ],
    [ 353, -143 ],
    [ 354, -129 ],
    [ 355, -617 ],
    [ 356, -197 ],
    [ 357, -1101 ],
    [ 358, -989 ],
    [ 359, -921 ],
    [ 360, -453 ],
    [ 361, -2393 ],
    [ 362, -557 ],
    [ 363, -471 ],
    [ 364, -147 ],
    [ 365, -177 ],
    [ 366, -341 ],
    [ 367, -81 ],
    [ 368, -873 ],
    [ 369, -257 ],
    [ 370, -527 ],
    [ 371, -1163 ],
    [ 372, -587 ],
    [ 373, -1731 ],
    [ 374, -1847 ],
    [ 375, -1527 ],
    [ 376, -219 ],
    [ 377, -71 ],
    [ 378, -1077 ],
    [ 379, -2069 ],
    [ 380, -147 ],
    [ 381, -891 ],
    [ 382, -561 ],
    [ 383, -53 ],
    [ 384, -717 ],
    [ 385, -359 ],
    [ 386, -369 ],
    [ 387, -2909 ],
    [ 388, -827 ],
    [ 389, -899 ],
    [ 390, -69 ],
    [ 391, -123 ],
    [ 392, -923 ],
    [ 393, -3467 ],
    [ 394, -671 ],
    [ 395, -231 ],
    [ 396, -299 ],
    [ 397, -431 ],
    [ 398, -363 ],
    [ 399, -257 ],
    [ 400, -513 ],
    [ 401, -599 ],
    [ 402, -621 ],
    [ 403, -429 ],
    [ 404, -53 ],
    [ 405, -603 ],
    [ 406, -741 ],
    [ 407, -81 ],
    [ 408, -21 ],
    [ 409, -1181 ],
    [ 410, -59 ],
    [ 411, -4433 ],
    [ 412, -3527 ],
    [ 413, -141 ],
    [ 414, -41 ],
    [ 415, -1787 ],
    [ 416, -179 ],
    [ 417, -1463 ],
    [ 418, -447 ],
    [ 419, -1233 ],
    [ 420, -1199 ],
    [ 421, -833 ],
    [ 422, -1139 ],
    [ 423, -1971 ],
    [ 424, -539 ],
    [ 425, -1481 ],
    [ 426, -3111 ],
    [ 427, -369 ],
    [ 428, -1239 ],
    [ 429, -347 ],
    [ 430, -273 ],
    [ 431, -1719 ],
    [ 432, -453 ],
    [ 433, -1917 ],
    [ 434, -207 ],
    [ 435, -557 ],
    [ 436, -197 ],
    [ 437, -233 ],
    [ 438, -59 ],
    [ 439, -299 ],
    [ 440, -753 ],
    [ 441, -1719 ],
    [ 442, -1451 ],
    [ 443, -3087 ],
    [ 444, -737 ],
    [ 445, -183 ],
    [ 446, -1943 ],
    [ 447, -39 ],
    [ 448, -831 ],
    [ 449, -597 ],
    [ 450, -189 ],
    [ 451, -503 ],
    [ 452, -987 ],
    [ 453, -1059 ],
    [ 454, -3509 ],
    [ 455, -981 ],
    [ 456, -633 ],
    [ 457, -1311 ],
    [ 458, -1721 ],
    [ 459, -1131 ],
    [ 460, -2451 ],
    [ 461, -1721 ],
    [ 462, -233 ],
    [ 463, -189 ],
    [ 464, -1029 ],
    [ 465, -1899 ],
    [ 466, -197 ],
    [ 467, -93 ],
    [ 468, -801 ],
    [ 469, -429 ],
    [ 470, -699 ],
    [ 471, -1727 ],
    [ 472, -2669 ],
    [ 473, -599 ],
    [ 474, -671 ],
    [ 475, -833 ],
    [ 476, -1163 ],
    [ 477, -819 ],
    [ 478, -4089 ],
    [ 479, -209 ],
    [ 480, -327 ],
    [ 481, -2409 ],
    [ 482, -1197 ],
    [ 483, -177 ],
    [ 484, -51 ],
    [ 485, -1619 ],
    [ 486, -983 ],
    [ 487, -207 ],
    [ 488, -3291 ],
    [ 489, -1043 ],
    [ 490, -1499 ],
    [ 491, -431 ],
    [ 492, -447 ],
    [ 493, -2669 ],
    [ 494, -483 ],
    [ 495, -761 ],
    [ 496, -2903 ],
    [ 497, -1953 ],
    [ 498, -1179 ],
    [ 499, -1259 ],
    [ 500, -1037 ],
    [ 501, -99 ],
    [ 502, -407 ],
    [ 503, -1371 ],
    [ 504, -11 ],
    [ 505, -173 ],
    [ 506, -677 ],
    [ 507, -161 ],
    [ 508, -1853 ],
    [ 509, -83 ],
    [ 510, -2189 ],
    [ 511, -2721 ],
    [ 512, -377 ],
    [ 513, -1311 ],
    [ 514, -3293 ],
    [ 515, -279 ],
    [ 516, -2039 ],
    [ 517, -557 ],
    [ 518, -2133 ],
    [ 519, -1113 ],
    [ 520, -1361 ],
    [ 521, -269 ],
    [ 522, -3129 ],
    [ 523, -783 ],
    [ 524, -2523 ],
    [ 525, -3213 ],
    [ 526, -833 ],
    [ 527, -1169 ],
    [ 528, -1991 ],
    [ 529, -377 ],
    [ 530, -3189 ],
    [ 531, -2069 ],
    [ 532, -1829 ],
    [ 533, -3311 ],
    [ 534, -227 ],
    [ 535, -99 ],
    [ 536, -1781 ],
    [ 537, -827 ],
    [ 538, -2571 ],
    [ 539, -3177 ],
    [ 540, -569 ],
    [ 541, -1481 ],
    [ 542, -2691 ],
    [ 543, -429 ],
    [ 544, -971 ],
    [ 545, -227 ],
    [ 546, -2777 ],
    [ 547, -1127 ],
    [ 548, -53 ],
    [ 549, -617 ],
    [ 550, -3501 ],
    [ 551, -2081 ],
    [ 552, -1547 ],
    [ 553, -2697 ],
    [ 554, -437 ],
    [ 555, -2151 ],
    [ 556, -629 ],
    [ 557, -1023 ],
    [ 558, -231 ],
    [ 559, -1467 ],
    [ 560, -299 ],
    [ 561, -2597 ],
    [ 562, -1841 ],
    [ 563, -399 ],
    [ 564, -1269 ],
    [ 565, -2069 ],
    [ 566, -977 ],
    [ 567, -1347 ],
    [ 568, -801 ],
    [ 569, -2697 ],
    [ 570, -1419 ],
    [ 571, -303 ],
    [ 572, -3309 ],
    [ 573, -269 ],
    [ 574, -4829 ],
    [ 575, -497 ],
    [ 576, -201 ],
    [ 577, -1551 ],
    [ 578, -239 ],
    [ 579, -477 ],
    [ 580, -867 ],
    [ 581, -851 ],
    [ 582, -2277 ],
    [ 583, -1457 ],
    [ 584, -1077 ],
    [ 585, -1493 ],
    [ 586, -561 ],
    [ 587, -1631 ],
    [ 588, -1829 ],
    [ 589, -323 ],
    [ 590, -1763 ],
    [ 591, -341 ],
    [ 592, -117 ],
    [ 593, -1289 ],
    [ 594, -11 ],
    [ 595, -503 ],
    [ 596, -4077 ],
    [ 597, -381 ],
    [ 598, -983 ],
    [ 599, -2339 ],
    [ 600, -1791 ],
    [ 601, -981 ],
    [ 602, -743 ],
    [ 603, -827 ],
    [ 604, -989 ],
    [ 605, -1571 ],
    [ 606, -899 ],
    [ 607, -3159 ],
    [ 608, -983 ],
    [ 609, -3159 ],
    [ 610, -1833 ],
    [ 611, -2663 ],
    [ 612, -597 ],
    [ 613, -117 ],
    [ 614, -1161 ],
    [ 615, -2427 ],
    [ 616, -449 ],
    [ 617, -6453 ],
    [ 618, -1661 ],
    [ 619, -1241 ],
    [ 620, -2181 ],
    [ 621, -837 ],
    [ 622, -647 ],
    [ 623, -921 ],
    [ 624, -413 ],
    [ 625, -1029 ],
    [ 626, -4113 ],
    [ 627, -1031 ],
    [ 628, -1217 ],
    [ 629, -609 ],
    [ 630, -273 ],
    [ 631, -1383 ],
    [ 632, -927 ],
    [ 633, -53 ],
    [ 634, -1323 ],
    [ 635, -3851 ],
    [ 636, -347 ],
    [ 637, -89 ],
    [ 638, -531 ],
    [ 639, -17 ],
    [ 640, -849 ],
    [ 641, -2589 ],
    [ 642, -51 ],
    [ 643, -77 ],
    [ 644, -1901 ],
    [ 645, -3291 ],
    [ 646, -401 ],
    [ 647, -1133 ],
    [ 648, -831 ],
    [ 649, -1043 ],
    [ 650, -899 ],
    [ 651, -93 ],
    [ 652, -3713 ],
    [ 653, -1721 ],
    [ 654, -1811 ],
    [ 655, -551 ],
    [ 656, -1139 ],
    [ 657, -291 ],
    [ 658, -581 ],
    [ 659, -2363 ],
    [ 660, -1131 ],
    [ 661, -1593 ],
    [ 662, -1467 ],
    [ 663, -33 ],
    [ 664, -2589 ],
    [ 665, -1089 ],
    [ 666, -1157 ],
    [ 667, -3911 ],
    [ 668, -6261 ],
    [ 669, -1479 ],
    [ 670, -77 ],
    [ 671, -2657 ],
    [ 672, -2777 ],
    [ 673, -2381 ],
    [ 674, -537 ],
    [ 675, -1409 ],
    [ 676, -911 ],
    [ 677, -471 ],
    [ 678, -257 ],
    [ 679, -303 ],
    [ 680, -1611 ],
    [ 681, -5013 ],
    [ 682, -659 ],
    [ 683, -1053 ],
    [ 684, -483 ],
    [ 685, -369 ],
    [ 686, -2789 ],
    [ 687, -443 ],
    [ 688, -59 ],
    [ 689, -3569 ],
    [ 690, -137 ],
    [ 691, -1827 ],
    [ 692, -5481 ],
    [ 693, -1107 ],
    [ 694, -299 ],
    [ 695, -777 ],
    [ 696, -1361 ],
    [ 697, -1227 ],
    [ 698, -2457 ],
    [ 699, -1971 ],
    [ 700, -2313 ],
    [ 701, -473 ],
    [ 702, -3657 ],
    [ 703, -287 ],
    [ 704, -3489 ],
    [ 705, -1017 ],
    [ 706, -203 ],
    [ 707, -1457 ],
    [ 708, -329 ],
    [ 709, -1463 ],
    [ 710, -743 ],
    [ 711, -1523 ],
    [ 712, -171 ],
    [ 713, -801 ],
    [ 714, -2303 ],
    [ 715, -1283 ],
    [ 716, -101 ],
    [ 717, -411 ],
    [ 718, -1463 ],
    [ 719, -1449 ],
    [ 720, -843 ],
    [ 721, -719 ],
    [ 722, -621 ],
    [ 723, -5091 ],
    [ 724, -2757 ],
    [ 725, -489 ],
    [ 726, -327 ],
    [ 727, -1073 ],
    [ 728, -3707 ],
    [ 729, -4209 ],
    [ 730, -867 ],
    [ 731, -2403 ],
    [ 732, -671 ],
    [ 733, -1383 ],
    [ 734, -2331 ],
    [ 735, -2457 ],
    [ 736, -597 ],
    [ 737, -1359 ],
    [ 738, -2163 ],
    [ 739, -249 ],
    [ 740, -1263 ],
    [ 741, -3549 ],
    [ 742, -3183 ],
    [ 743, -731 ],
    [ 744, -1083 ],
    [ 745, -929 ],
    [ 746, -1877 ],
    [ 747, -1487 ],
    [ 748, -801 ],
    [ 749, -143 ],
    [ 750, -2027 ],
    [ 751, -2433 ],
    [ 752, -1347 ],
    [ 753, -2511 ],
    [ 754, -621 ],
    [ 755, -3419 ],
    [ 756, -1713 ],
    [ 757, -579 ],
    [ 758, -1587 ],
    [ 759, -249 ],
    [ 760, -303 ],
    [ 761, -29 ],
    [ 762, -431 ],
    [ 763, -3269 ],
    [ 764, -509 ],
    [ 765, -23 ],
    [ 766, -369 ],
    [ 767, -27 ],
    [ 768, -821 ],
    [ 769, -2769 ],
    [ 770, -2763 ],
    [ 771, -1383 ],
    [ 772, -2679 ],
    [ 773, -4559 ],
    [ 774, -461 ],
    [ 775, -1691 ],
    [ 776, -5409 ],
    [ 777, -1947 ],
    [ 778, -2997 ],
    [ 779, -101 ],
    [ 780, -1449 ],
    [ 781, -2241 ],
    [ 782, -809 ],
    [ 783, -1829 ],
    [ 784, -1367 ],
    [ 785, -1023 ],
    [ 786, -1127 ],
    [ 787, -14397 ],
    [ 788, -1383 ],
    [ 789, -411 ],
    [ 790, -1653 ],
    [ 791, -113 ],
    [ 792, -171 ],
    [ 793, -6363 ],
    [ 794, -29 ],
    [ 795, -491 ],
    [ 796, -3089 ],
    [ 797, -1773 ],
    [ 798, -2489 ],
    [ 799, -869 ],
    [ 800, -1007 ],
    [ 801, -1383 ],
    [ 802, -1203 ],
    [ 803, -3027 ],
    [ 804, -663 ],
    [ 805, -119 ],
    [ 806, -2169 ],
    [ 807, -6611 ],
    [ 808, -923 ],
    [ 809, -389 ],
    [ 810, -2891 ],
    [ 811, -1041 ],
    [ 812, -1581 ],
    [ 813, -1887 ],
    [ 814, -3503 ],
    [ 815, -1259 ],
    [ 816, -2439 ],
    [ 817, -539 ],
    [ 818, -77 ],
    [ 819, -969 ],
    [ 820, -2253 ],
    [ 821, -2393 ],
    [ 822, -543 ],
    [ 823, -2777 ],
    [ 824, -1889 ],
    [ 825, -341 ],
    [ 826, -717 ],
    [ 827, -2493 ],
    [ 828, -2831 ],
    [ 829, -477 ],
    [ 830, -1253 ],
    [ 831, -609 ],
    [ 832, -5727 ],
    [ 833, -657 ],
    [ 834, -387 ],
    [ 835, -2889 ],
    [ 836, -1209 ],
    [ 837, -3047 ],
    [ 838, -3057 ],
    [ 839, -363 ],
    [ 840, -2763 ],
    [ 841, -4167 ],
    [ 842, -383 ],
    [ 843, -3831 ],
    [ 844, -1241 ],
    [ 845, -2103 ],
    [ 846, -2219 ],
    [ 847, -741 ],
    [ 848, -6839 ],
    [ 849, -57 ],
    [ 850, -363 ],
    [ 851, -1049 ],
    [ 852, -1427 ],
    [ 853, -497 ],
    [ 854, -9503 ],
    [ 855, -2979 ],
    [ 856, -4311 ],
    [ 857, -1413 ],
    [ 858, -233 ],
    [ 859, -4019 ],
    [ 860, -1193 ],
    [ 861, -3063 ],
    [ 862, -2723 ],
    [ 863, -119 ],
    [ 864, -231 ],
    [ 865, -5063 ],
    [ 866, -9113 ],
    [ 867, -1211 ],
    [ 868, -8679 ],
    [ 869, -1983 ],
    [ 870, -3047 ],
    [ 871, -827 ],
    [ 872, -4047 ],
    [ 873, -299 ],
    [ 874, -2009 ],
    [ 875, -1527 ],
    [ 876, -1449 ],
    [ 877, -1301 ],
    [ 878, -173 ],
    [ 879, -1947 ],
    [ 880, -2999 ],
    [ 881, -4131 ],
    [ 882, -2447 ],
    [ 883, -3851 ],
    [ 884, -2243 ],
    [ 885, -437 ],
    [ 886, -567 ],
    [ 887, -2127 ],
    [ 888, -3729 ],
    [ 889, -57 ],
    [ 890, -7251 ],
    [ 891, -273 ],
    [ 892, -629 ],
    [ 893, -2081 ],
    [ 894, -1649 ],
    [ 895, -2333 ],
    [ 896, -8001 ],
    [ 897, -8879 ],
    [ 898, -2453 ],
    [ 899, -189 ],
    [ 900, -773 ],
    [ 901, -119 ],
    [ 902, -1119 ],
    [ 903, -903 ],
    [ 904, -503 ],
    [ 905, -191 ],
    [ 906, -1083 ],
    [ 907, -2823 ],
    [ 908, -873 ],
    [ 909, -411 ],
    [ 910, -677 ],
    [ 911, -1487 ],
    [ 912, -17 ],
    [ 913, -513 ],
    [ 914, -5037 ],
    [ 915, -267 ],
    [ 916, -4173 ],
    [ 917, -5393 ],
    [ 918, -161 ],
    [ 919, -167 ],
    [ 920, -357 ],
    [ 921, -2363 ],
    [ 922, -2007 ],
    [ 923, -2531 ],
    [ 924, -303 ],
    [ 925, -573 ],
    [ 926, -963 ],
    [ 927, -4583 ],
    [ 928, -803 ],
    [ 929, -2559 ],
    [ 930, -2349 ],
    [ 931, -687 ],
    [ 932, -629 ],
    [ 933, -3357 ],
    [ 934, -3321 ],
    [ 935, -1131 ],
    [ 936, -167 ],
    [ 937, -8451 ],
    [ 938, -2279 ],
    [ 939, -4149 ],
    [ 940, -8333 ],
    [ 941, -123 ],
    [ 942, -1701 ],
    [ 943, -1353 ],
    [ 944, -1481 ],
    [ 945, -1701 ],
    [ 946, -701 ],
    [ 947, -2753 ],
    [ 948, -2669 ],
    [ 949, -1769 ],
    [ 950, -1047 ],
    [ 951, -3633 ],
    [ 952, -27 ],
    [ 953, -1521 ],
    [ 954, -1241 ],
    [ 955, -4647 ],
    [ 956, -3629 ],
    [ 957, -6839 ],
    [ 958, -377 ],
    [ 959, -3357 ],
    [ 960, -2673 ],
    [ 961, -629 ],
    [ 962, -3353 ],
    [ 963, -291 ],
    [ 964, -1437 ],
    [ 965, -2211 ],
    [ 966, -171 ],
    [ 967, -1269 ],
    [ 968, -1667 ],
    [ 969, -5987 ],
    [ 970, -5339 ],
    [ 971, -1053 ],
    [ 972, -7143 ],
    [ 973, -2409 ],
    [ 974, -1833 ],
    [ 975, -33 ],
    [ 976, -5049 ],
    [ 977, -941 ],
    [ 978, -2193 ],
    [ 979, -701 ],
    [ 980, -1401 ],
    [ 981, -2423 ],
    [ 982, -2247 ],
    [ 983, -11 ],
    [ 984, -2867 ],
    [ 985, -1497 ],
    [ 986, -6413 ],
    [ 987, -2619 ],
    [ 988, -1053 ],
    [ 989, -7263 ],
    [ 990, -3 ],
    [ 991, -1061 ],
    [ 992, -671 ],
    [ 993, -6107 ],
    [ 994, -4437 ],
    [ 995, -317 ],
    [ 996, -2259 ],
    [ 997, -2361 ],
    [ 998, -173 ],
    [ 999, -6101 ],
    [ 1000, -1769 ],
    [ 1001, -3069 ],
    [ 1002, -681 ],
    [ 1003, -911 ],
    [ 1004, -141 ],
    [ 1005, -2567 ],
    [ 1006, -687 ],
    [ 1007, -501 ],
    [ 1008, -4821 ],
    [ 1009, -581 ],
    [ 1010, -3167 ],
    [ 1011, -2789 ],
    [ 1012, -4289 ],
    [ 1013, -1301 ],
    [ 1014, -6017 ],
    [ 1015, -71 ],
    [ 1016, -839 ],
    [ 1017, -173 ],
    [ 1018, -777 ],
    [ 1019, -107 ],
    [ 1020, -1193 ],
    [ 1021, -6209 ],
    [ 1022, -1053 ],
    [ 1023, -1569 ],
    [ 1024, -7017 ],
    [ 1025, -317 ],
    [ 1026, -1997 ],
    [ 1027, -761 ],
    [ 1028, -2873 ],
    [ 1029, -719 ],
    [ 1030, -161 ],
    [ 1031, -6891 ],
    [ 1032, -1143 ],
    [ 1033, -299 ],
    [ 1034, -123 ],
    [ 1035, -3489 ],
    [ 1036, -5057 ],
    [ 1037, -3429 ],
    [ 1038, -2559 ],
    [ 1039, -1367 ],
    [ 1040, -1799 ],
    [ 1041, -743 ],
    [ 1042, -413 ],
    [ 1043, -431 ],
    [ 1044, -9753 ],
    [ 1045, -921 ],
    [ 1046, -227 ],
    [ 1047, -4137 ],
    [ 1048, -867 ],
    [ 1049, -2633 ],
    [ 1050, -11127 ],
    [ 1051, -2729 ],
    [ 1052, -3221 ],
    [ 1053, -641 ],
    [ 1054, -489 ],
    [ 1055, -1557 ],
    [ 1056, -1601 ],
    [ 1057, -4697 ],
    [ 1058, -1869 ],
    [ 1059, -1293 ],
    [ 1060, -4989 ],
    [ 1061, -7421 ],
    [ 1062, -2079 ],
    [ 1063, -287 ],
    [ 1064, -1193 ],
    [ 1065, -1131 ],
    [ 1066, -1259 ],
    [ 1067, -2577 ],
    [ 1068, -527 ],
    [ 1069, -1799 ],
    [ 1070, -213 ],
    [ 1071, -917 ],
    [ 1072, -1577 ],
    [ 1073, -3047 ],
    [ 1074, -59 ],
    [ 1075, -3131 ],
    [ 1076, -3281 ],
    [ 1077, -999 ],
    [ 1078, -1221 ],
    [ 1079, -2853 ],
    [ 1080, -1557 ],
    [ 1081, -3287 ],
    [ 1082, -2657 ],
    [ 1083, -12831 ],
    [ 1084, -951 ],
    [ 1085, -1623 ],
    [ 1086, -2873 ],
    [ 1087, -2471 ],
    [ 1088, -311 ],
    [ 1089, -4403 ],
    [ 1090, -4989 ],
    [ 1091, -2471 ],
    [ 1092, -77 ],
    [ 1093, -3197 ],
    [ 1094, -887 ],
    [ 1095, -291 ],
    [ 1096, -189 ],
    [ 1097, -2271 ],
    [ 1098, -3143 ],
    [ 1099, -1541 ],
    [ 1100, -6383 ],
    [ 1101, -459 ],
    [ 1102, -699 ],
    [ 1103, -4071 ],
    [ 1104, -2103 ],
    [ 1105, -869 ],
    [ 1106, -2001 ],
    [ 1107, -9 ],
    [ 1108, -1193 ],
    [ 1109, -7967 ],
    [ 1110, -2373 ],
    [ 1111, -2037 ],
    [ 1112, -10379 ],
    [ 1113, -2663 ],
    [ 1114, -2099 ],
    [ 1115, -2457 ],
    [ 1116, -4319 ],
    [ 1117, -5441 ],
    [ 1118, -1767 ],
    [ 1119, -8061 ],
    [ 1120, -5837 ],
    [ 1121, -441 ],
    [ 1122, -753 ],
    [ 1123, -573 ],
    [ 1124, -2519 ],
    [ 1125, -317 ],
    [ 1126, -1647 ],
    [ 1127, -1337 ],
    [ 1128, -357 ],
    [ 1129, -1859 ],
    [ 1130, -333 ],
    [ 1131, -1277 ],
    [ 1132, -2583 ],
    [ 1133, -1653 ],
    [ 1134, -5621 ],
    [ 1135, -81 ],
    [ 1136, -1977 ],
    [ 1137, -3567 ],
    [ 1138, -1991 ],
    [ 1139, -6587 ],
    [ 1140, -4857 ],
    [ 1141, -177 ],
    [ 1142, -5829 ],
    [ 1143, -3719 ],
    [ 1144, -5943 ],
    [ 1145, -9729 ],
    [ 1146, -203 ],
    [ 1147, -693 ],
    [ 1148, -2303 ],
    [ 1149, -1713 ],
    [ 1150, -1389 ],
    [ 1151, -2703 ],
    [ 1152, -1367 ],
    [ 1153, -1547 ],
    [ 1154, -941 ],
    [ 1155, -1307 ],
    [ 1156, -951 ],
    [ 1157, -8901 ],
    [ 1158, -447 ],
    [ 1159, -2541 ],
    [ 1160, -4329 ],
    [ 1161, -401 ],
    [ 1162, -12039 ],
    [ 1163, -7169 ],
    [ 1164, -2799 ],
    [ 1165, -33 ],
    [ 1166, -591 ],
    [ 1167, -3231 ],
    [ 1168, -231 ],
    [ 1169, -161 ],
    [ 1170, -3047 ],
    [ 1171, -1787 ],
    [ 1172, -13079 ],
    [ 1173, -5177 ],
    [ 1174, -3473 ],
    [ 1175, -81 ],
    [ 1176, -2009 ],
    [ 1177, -7551 ],
    [ 1178, -13497 ],
    [ 1179, -393 ],
    [ 1180, -1977 ],
    [ 1181, -3297 ],
    [ 1182, -1889 ],
    [ 1183, -299 ],
    [ 1184, -281 ],
    [ 1185, -6437 ],
    [ 1186, -687 ],
    [ 1187, -1809 ],
    [ 1188, -1479 ],
    [ 1189, -1299 ],
    [ 1190, -3423 ],
    [ 1191, -1379 ],
    [ 1192, -3173 ],
    [ 1193, -2051 ],
    [ 1194, -3233 ],
    [ 1195, -2937 ],
    [ 1196, -2807 ],
    [ 1197, -2681 ],
    [ 1198, -1977 ],
    [ 1199, -807 ],
    [ 1200, -4127 ],
    [ 1201, -2391 ],
    [ 1202, -741 ],
    [ 1203, -4953 ],
    [ 1204, -657 ],
    [ 1205, -2117 ],
    [ 1206, -2313 ],
    [ 1207, -869 ],
    [ 1208, -4043 ],
    [ 1209, -19797 ],
    [ 1210, -227 ],
    [ 1211, -1997 ],
    [ 1212, -369 ],
    [ 1213, -2931 ],
    [ 1214, -3729 ],
    [ 1215, -3111 ],
    [ 1216, -1553 ],
    [ 1217, -539 ],
    [ 1218, -609 ],
    [ 1219, -597 ],
    [ 1220, -251 ],
    [ 1221, -2999 ],
    [ 1222, -161 ],
    [ 1223, -611 ],
    [ 1224, -10307 ],
    [ 1225, -2741 ],
    [ 1226, -4491 ],
    [ 1227, -5483 ],
    [ 1228, -1419 ],
    [ 1229, -651 ],
    [ 1230, -5451 ],
    [ 1231, -917 ],
    [ 1232, -459 ],
    [ 1233, -599 ],
    [ 1234, -3641 ],
    [ 1235, -809 ],
    [ 1236, -6879 ],
    [ 1237, -3543 ],
    [ 1238, -753 ],
    [ 1239, -707 ],
    [ 1240, -2019 ],
    [ 1241, -5261 ],
    [ 1242, -1011 ],
    [ 1243, -327 ],
    [ 1244, -843 ],
    [ 1245, -3357 ],
    [ 1246, -2117 ],
    [ 1247, -10283 ],
    [ 1248, -1559 ],
    [ 1249, -1587 ],
    [ 1250, -39 ],
    [ 1251, -689 ],
    [ 1252, -2427 ],
    [ 1253, -1731 ],
    [ 1254, -13017 ],
    [ 1255, -5837 ],
    [ 1256, -3357 ],
    [ 1257, -10199 ],
    [ 1258, -1323 ],
    [ 1259, -2481 ],
    [ 1260, -3443 ],
    [ 1261, -587 ],
    [ 1262, -491 ],
    [ 1263, -5139 ],
    [ 1264, -707 ],
    [ 1265, -1311 ],
    [ 1266, -3863 ],
    [ 1267, -5459 ],
    [ 1268, -1149 ],
    [ 1269, -161 ],
    [ 1270, -701 ],
    [ 1271, -9599 ],
    [ 1272, -1559 ],
    [ 1273, -8841 ],
    [ 1274, -2547 ],
    [ 1275, -1307 ],
    [ 1276, -603 ],
    [ 1277, -1019 ],
    [ 1278, -1727 ],
    [ 1279, -3441 ],
    [ 1280, -2919 ],
    [ 1281, -357 ],
    [ 1282, -7539 ],
    [ 1283, -2433 ],
    [ 1284, -431 ],
    [ 1285, -9207 ],
    [ 1286, -21 ],
    [ 1287, -7239 ],
    [ 1288, -1217 ],
    [ 1289, -777 ],
    [ 1290, -437 ],
    [ 1291, -149 ],
    [ 1292, -963 ],
    [ 1293, -3011 ],
    [ 1294, -2271 ],
    [ 1295, -2369 ],
    [ 1296, -7977 ],
    [ 1297, -7757 ],
    [ 1298, -6581 ],
    [ 1299, -4277 ],
    [ 1300, -3869 ],
    [ 1301, -2439 ],
    [ 1302, -3947 ],
    [ 1303, -273 ],
    [ 1304, -461 ],
    [ 1305, -1691 ],
    [ 1306, -2021 ],
    [ 1307, -1379 ],
    [ 1308, -2343 ],
    [ 1309, -7079 ],
    [ 1310, -1473 ],
    [ 1311, -7701 ],
    [ 1312, -693 ],
    [ 1313, -2561 ],
    [ 1314, -3387 ],
    [ 1315, -587 ],
    [ 1316, -141 ],
    [ 1317, -11139 ],
    [ 1318, -533 ],
    [ 1319, -591 ],
    [ 1320, -1577 ],
    [ 1321, -4697 ],
    [ 1322, -2457 ],
    [ 1323, -3531 ],
    [ 1324, -1613 ],
    [ 1325, -3539 ],
    [ 1326, -4007 ],
    [ 1327, -2687 ],
    [ 1328, -641 ],
    [ 1329, -39 ],
    [ 1330, -2409 ],
    [ 1331, -141 ],
    [ 1332, -279 ],
    [ 1333, -3759 ],
    [ 1334, -329 ],
    [ 1335, -1071 ],
    [ 1336, -1533 ],
    [ 1337, -1277 ],
    [ 1338, -7803 ],
    [ 1339, -4997 ],
    [ 1340, -6593 ],
    [ 1341, -537 ],
    [ 1342, -699 ],
    [ 1343, -3821 ],
    [ 1344, -5147 ],
    [ 1345, -771 ],
    [ 1346, -2721 ],
    [ 1347, -5469 ],
    [ 1348, -387 ],
    [ 1349, -3881 ],
    [ 1350, -539 ],
    [ 1351, -33 ],
    [ 1352, -4373 ],
    [ 1353, -3719 ],
    [ 1354, -2409 ],
    [ 1355, -1917 ],
    [ 1356, -213 ],
    [ 1357, -4419 ],
    [ 1358, -14273 ],
    [ 1359, -723 ],
    [ 1360, -7407 ],
    [ 1361, -233 ],
    [ 1362, -269 ],
    [ 1363, -1421 ],
    [ 1364, -1799 ],
    [ 1365, -8979 ],
    [ 1366, -3909 ],
    [ 1367, -3569 ],
    [ 1368, -161 ],
    [ 1369, -3647 ],
    [ 1370, -4061 ],
    [ 1371, -3707 ],
    [ 1372, -2931 ],
    [ 1373, -6213 ],
    [ 1374, -689 ],
    [ 1375, -3399 ],
    [ 1376, -7421 ],
    [ 1377, -2607 ],
    [ 1378, -1731 ],
    [ 1379, -2957 ],
    [ 1380, -5217 ],
    [ 1381, -2993 ],
    [ 1382, -651 ],
    [ 1383, -1827 ],
    [ 1384, -2331 ],
    [ 1385, -6369 ],
    [ 1386, -4679 ],
    [ 1387, -341 ],
    [ 1388, -41 ],
    [ 1389, -227 ],
    [ 1390, -3683 ],
    [ 1391, -1449 ],
    [ 1392, -9099 ],
    [ 1393, -1581 ],
    [ 1394, -2243 ],
    [ 1395, -4929 ],
    [ 1396, -1023 ],
    [ 1397, -5417 ],
    [ 1398, -681 ],
    [ 1399, -9351 ],
    [ 1400, -2517 ],
    [ 1401, -2249 ],
    [ 1402, -273 ],
    [ 1403, -12519 ],
    [ 1404, -3819 ],
    [ 1405, -629 ],
    [ 1406, -10277 ],
    [ 1407, -3351 ],
    [ 1408, -1269 ],
    [ 1409, -8043 ],
    [ 1410, -3581 ],
    [ 1411, -363 ],
    [ 1412, -1989 ],
    [ 1413, -1593 ],
    [ 1414, -101 ],
    [ 1415, -8109 ],
    [ 1416, -10971 ],
    [ 1417, -4361 ],
    [ 1418, -8741 ],
    [ 1419, -423 ],
    [ 1420, -1319 ],
    [ 1421, -503 ],
    [ 1422, -9909 ],
    [ 1423, -9381 ],
    [ 1424, -1263 ],
    [ 1425, -3813 ],
    [ 1426, -16217 ],
    [ 1427, -2267 ],
    [ 1428, -6477 ],
    [ 1429, -657 ],
    [ 1430, -4961 ],
    [ 1431, -3971 ],
    [ 1432, -1239 ],
    [ 1433, -3831 ],
    [ 1434, -2321 ],
    [ 1435, -2499 ],
    [ 1436, -2139 ],
    [ 1437, -2597 ],
    [ 1438, -6911 ],
    [ 1439, -2517 ],
    [ 1440, -8697 ],
    [ 1441, -501 ],
    [ 1442, -3431 ],
    [ 1443, -117 ],
    [ 1444, -3263 ],
    [ 1445, -2951 ],
    [ 1446, -489 ],
    [ 1447, -1887 ],
    [ 1448, -6203 ],
    [ 1449, -3089 ],
    [ 1450, -5907 ],
    [ 1451, -5471 ],
    [ 1452, -467 ],
    [ 1453, -2721 ],
    [ 1454, -959 ],
    [ 1455, -653 ],
    [ 1456, -597 ],
    [ 1457, -171 ],
    [ 1458, -699 ],
    [ 1459, -10211 ],
    [ 1460, -7823 ],
    [ 1461, -759 ],
    [ 1462, -2261 ],
    [ 1463, -4911 ],
    [ 1464, -6377 ],
    [ 1465, -5591 ],
    [ 1466, -147 ],
    [ 1467, -1547 ],
    [ 1468, -2277 ],
    [ 1469, -1701 ],
    [ 1470, -3497 ],
    [ 1471, -2127 ],
    [ 1472, -4413 ],
    [ 1473, -11853 ],
    [ 1474, -4523 ],
    [ 1475, -3881 ],
    [ 1476, -7223 ],
    [ 1477, -9213 ],
    [ 1478, -291 ],
    [ 1479, -4007 ],
    [ 1480, -1401 ],
    [ 1481, -4227 ],
    [ 1482, -1011 ],
    [ 1483, -473 ],
    [ 1484, -69 ],
    [ 1485, -1137 ],
    [ 1486, -6299 ],
    [ 1487, -2081 ],
    [ 1488, -611 ],
    [ 1489, -579 ],
    [ 1490, -13089 ],
    [ 1491, -8583 ],
    [ 1492, -519 ],
    [ 1493, -2327 ],
    [ 1494, -359 ],
    [ 1495, -3861 ],
    [ 1496, -5309 ],
    [ 1497, -761 ],
    [ 1498, -569 ],
    [ 1499, -1901 ],
    [ 1500, -1281 ],
    [ 1501, -5261 ],
    [ 1502, -5607 ],
    [ 1503, -339 ],
    [ 1504, -863 ],
    [ 1505, -1457 ],
    [ 1506, -1553 ],
    [ 1507, -471 ],
    [ 1508, -953 ],
    [ 1509, -893 ],
    [ 1510, -4653 ],
    [ 1511, -7623 ],
    [ 1512, -1923 ],
    [ 1513, -719 ],
    [ 1514, -1631 ],
    [ 1515, -929 ],
    [ 1516, -3089 ],
    [ 1517, -1259 ],
    [ 1518, -4829 ],
    [ 1519, -209 ],
    [ 1520, -911 ],
    [ 1521, -731 ],
    [ 1522, -4773 ],
    [ 1523, -599 ],
    [ 1524, -117 ],
    [ 1525, -2079 ],
    [ 1526, -603 ],
    [ 1527, -2007 ],
    [ 1528, -16913 ],
    [ 1529, -7361 ],
    [ 1530, -6351 ],
    [ 1531, -2021 ],
    [ 1532, -351 ],
    [ 1533, -171 ],
    [ 1534, -3209 ],
    [ 1535, -2229 ],
    [ 1536, -3057 ],
    [ 1537, -443 ],
    [ 1538, -2451 ],
    [ 1539, -1361 ],
    [ 1540, -1337 ],
    [ 1541, -1029 ],
    [ 1542, -929 ],
    [ 1543, -429 ],
    [ 1544, -213 ],
    [ 1545, -4301 ],
    [ 1546, -3597 ],
    [ 1547, -647 ],
    [ 1548, -977 ],
    [ 1549, -4479 ],
    [ 1550, -377 ],
    [ 1551, -803 ],
    [ 1552, -1337 ],
    [ 1553, -1859 ],
    [ 1554, -4721 ],
    [ 1555, -5459 ],
    [ 1556, -3161 ],
    [ 1557, -4061 ],
    [ 1558, -3899 ],
    [ 1559, -1017 ],
    [ 1560, -1187 ],
    [ 1561, -10169 ],
    [ 1562, -761 ],
    [ 1563, -423 ],
    [ 1564, -5213 ],
    [ 1565, -2499 ],
    [ 1566, -1017 ],
    [ 1567, -2343 ],
    [ 1568, -377 ],
    [ 1569, -2021 ],
    [ 1570, -5063 ],
    [ 1571, -4083 ],
    [ 1572, -6713 ],
    [ 1573, -9221 ],
    [ 1574, -4899 ],
    [ 1575, -59 ],
    [ 1576, -13023 ],
    [ 1577, -13931 ],
    [ 1578, -4619 ],
    [ 1579, -5973 ],
    [ 1580, -939 ],
    [ 1581, -3351 ],
    [ 1582, -531 ],
    [ 1583, -8889 ],
    [ 1584, -1043 ],
    [ 1585, -3641 ],
    [ 1586, -4373 ],
    [ 1587, -2189 ],
    [ 1588, -5123 ],
    [ 1589, -14357 ],
    [ 1590, -861 ],
    [ 1591, -9711 ],
    [ 1592, -6503 ],
    [ 1593, -6917 ],
    [ 1594, -5603 ],
    [ 1595, -1607 ],
    [ 1596, -797 ],
    [ 1597, -1331 ],
    [ 1598, -2589 ],
    [ 1599, -497 ],
    [ 1600, -4979 ],
    [ 1601, -6801 ],
    [ 1602, -1679 ],
    [ 1603, -4701 ],
    [ 1604, -941 ],
    [ 1605, -1463 ],
    [ 1606, -1113 ],
    [ 1607, -431 ],
    [ 1608, -4101 ],
    [ 1609, -4871 ],
    [ 1610, -2253 ],
    [ 1611, -1971 ],
    [ 1612, -1659 ],
    [ 1613, -8343 ],
    [ 1614, -1007 ],
    [ 1615, -2211 ],
    [ 1616, -4031 ],
    [ 1617, -3407 ],
    [ 1618, -5327 ],
    [ 1619, -2993 ],
    [ 1620, -3033 ],
    [ 1621, -963 ],
    [ 1622, -1313 ],
    [ 1623, -6969 ],
    [ 1624, -2397 ],
    [ 1625, -17523 ],
    [ 1626, -207 ],
    [ 1627, -1217 ],
    [ 1628, -1107 ],
    [ 1629, -3777 ],
    [ 1630, -233 ],
    [ 1631, -10877 ],
    [ 1632, -1229 ],
    [ 1633, -5781 ],
    [ 1634, -843 ],
    [ 1635, -15863 ],
    [ 1636, -1107 ],
    [ 1637, -8511 ],
    [ 1638, -6123 ],
    [ 1639, -1391 ],
    [ 1640, -129 ],
    [ 1641, -7157 ],
    [ 1642, -741 ],
    [ 1643, -2219 ],
    [ 1644, -6017 ],
    [ 1645, -2081 ],
    [ 1646, -8877 ],
    [ 1647, -2247 ],
    [ 1648, -833 ],
    [ 1649, -861 ],
    [ 1650, -8111 ],
    [ 1651, -1733 ],
    [ 1652, -2871 ],
    [ 1653, -927 ],
    [ 1654, -5981 ],
    [ 1655, -531 ],
    [ 1656, -387 ],
    [ 1657, -9 ],
    [ 1658, -16241 ],
    [ 1659, -2513 ],
    [ 1660, -629 ],
    [ 1661, -2919 ],
    [ 1662, -4763 ],
    [ 1663, -5699 ],
    [ 1664, -833 ],
    [ 1665, -203 ],
    [ 1666, -3683 ],
    [ 1667, -5579 ],
    [ 1668, -16739 ],
    [ 1669, -8457 ],
    [ 1670, -7587 ],
    [ 1671, -3231 ],
    [ 1672, -2043 ],
    [ 1673, -639 ],
    [ 1674, -8001 ],
    [ 1675, -783 ],
    [ 1676, -201 ],
    [ 1677, -8487 ],
    [ 1678, -4079 ],
    [ 1679, -651 ],
    [ 1680, -369 ],
    [ 1681, -17117 ],
    [ 1682, -2309 ],
    [ 1683, -4581 ],
    [ 1684, -10971 ],
    [ 1685, -267 ],
    [ 1686, -16569 ],
    [ 1687, -159 ],
    [ 1688, -929 ],
    [ 1689, -183 ],
    [ 1690, -299 ],
    [ 1691, -2439 ],
    [ 1692, -2331 ],
    [ 1693, -863 ],
    [ 1694, -1631 ],
    [ 1695, -6053 ],
    [ 1696, -6281 ],
    [ 1697, -8841 ],
    [ 1698, -3633 ],
    [ 1699, -2093 ],
    [ 1700, -753 ],
    [ 1701, -2993 ],
    [ 1702, -19577 ],
    [ 1703, -389 ],
    [ 1704, -4287 ],
    [ 1705, -4653 ],
    [ 1706, -2513 ],
    [ 1707, -2319 ],
    [ 1708, -461 ],
    [ 1709, -4241 ],
    [ 1710, -137 ],
    [ 1711, -323 ],
    [ 1712, -8307 ],
    [ 1713, -357 ],
    [ 1714, -7229 ],
    [ 1715, -3611 ],
    [ 1716, -7133 ],
    [ 1717, -1101 ],
    [ 1718, -887 ],
    [ 1719, -347 ],
    [ 1720, -8879 ],
    [ 1721, -189 ],
    [ 1722, -1227 ],
    [ 1723, -7779 ],
    [ 1724, -8651 ],
    [ 1725, -1061 ],
    [ 1726, -2679 ],
    [ 1727, -749 ],
    [ 1728, -2441 ],
    [ 1729, -1751 ],
    [ 1730, -5009 ],
    [ 1731, -1103 ],
    [ 1732, -7343 ],
    [ 1733, -3243 ],
    [ 1734, -5241 ],
    [ 1735, -5063 ],
    [ 1736, -3707 ],
    [ 1737, -2637 ],
    [ 1738, -3033 ],
    [ 1739, -3219 ],
    [ 1740, -1637 ],
    [ 1741, -1301 ],
    [ 1742, -1509 ],
    [ 1743, -827 ],
    [ 1744, -1569 ],
    [ 1745, -2139 ],
    [ 1746, -3237 ],
    [ 1747, -4073 ],
    [ 1748, -1701 ],
    [ 1749, -8649 ],
    [ 1750, -3261 ],
    [ 1751, -321 ],
    [ 1752, -3527 ],
    [ 1753, -7593 ],
    [ 1754, -6291 ],
    [ 1755, -777 ],
    [ 1756, -681 ],
    [ 1757, -5931 ],
    [ 1758, -6191 ],
    [ 1759, -2063 ],
    [ 1760, -1281 ],
    [ 1761, -1191 ],
    [ 1762, -1109 ],
    [ 1763, -2519 ],
    [ 1764, -3177 ],
    [ 1765, -5619 ],
    [ 1766, -11057 ],
    [ 1767, -3341 ],
    [ 1768, -3887 ],
    [ 1769, -129 ],
    [ 1770, -2649 ],
    [ 1771, -5537 ],
    [ 1772, -2429 ],
    [ 1773, -4319 ],
    [ 1774, -1221 ],
    [ 1775, -77 ],
    [ 1776, -2271 ],
    [ 1777, -5711 ],
    [ 1778, -257 ],
    [ 1779, -837 ],
    [ 1780, -3209 ],
    [ 1781, -947 ],
    [ 1782, -3843 ],
    [ 1783, -1383 ],
    [ 1784, -5877 ],
    [ 1785, -10623 ],
    [ 1786, -5309 ],
    [ 1787, -3987 ],
    [ 1788, -237 ],
    [ 1789, -2451 ],
    [ 1790, -687 ],
    [ 1791, -1587 ],
    [ 1792, -773 ],
    [ 1793, -2027 ],
    [ 1794, -14241 ],
    [ 1795, -1787 ],
    [ 1796, -1919 ],
    [ 1797, -869 ],
    [ 1798, -1263 ],
    [ 1799, -2913 ],
    [ 1800, -87 ],
    [ 1801, -887 ],
    [ 1802, -15177 ],
    [ 1803, -471 ],
    [ 1804, -3167 ],
    [ 1805, -1593 ],
    [ 1806, -3657 ],
    [ 1807, -8523 ],
    [ 1808, -7077 ],
    [ 1809, -5247 ],
    [ 1810, -1983 ],
    [ 1811, -2391 ],
    [ 1812, -10887 ],
    [ 1813, -587 ],
    [ 1814, -2807 ],
    [ 1815, -1529 ],
    [ 1816, -171 ],
    [ 1817, -6173 ],
    [ 1818, -3783 ],
    [ 1819, -4613 ],
    [ 1820, -1923 ],
    [ 1821, -11499 ],
    [ 1822, -1137 ],
    [ 1823, -7533 ],
    [ 1824, -7023 ],
    [ 1825, -4169 ],
    [ 1826, -1539 ],
    [ 1827, -509 ],
    [ 1828, -13209 ],
    [ 1829, -8019 ],
    [ 1830, -6101 ],
    [ 1831, -1449 ],
    [ 1832, -3527 ],
    [ 1833, -1821 ],
    [ 1834, -129 ],
    [ 1835, -9069 ],
    [ 1836, -137 ],
    [ 1837, -2417 ],
    [ 1838, -543 ],
    [ 1839, -2823 ],
    [ 1840, -7293 ],
    [ 1841, -759 ],
    [ 1842, -5753 ],
    [ 1843, -6521 ],
    [ 1844, -467 ],
    [ 1845, -4611 ],
    [ 1846, -5223 ],
    [ 1847, -2241 ],
    [ 1848, -1449 ],
    [ 1849, -1463 ],
    [ 1850, -4119 ],
    [ 1851, -171 ],
    [ 1852, -6617 ],
    [ 1853, -6831 ],
    [ 1854, -273 ],
    [ 1855, -7049 ],
    [ 1856, -77 ],
    [ 1857, -137 ],
    [ 1858, -5423 ],
    [ 1859, -16569 ],
    [ 1860, -269 ],
    [ 1861, -5277 ],
    [ 1862, -759 ],
    [ 1863, -3207 ],
    [ 1864, -2229 ],
    [ 1865, -5849 ],
    [ 1866, -3201 ],
    [ 1867, -6509 ],
    [ 1868, -4607 ],
    [ 1869, -3329 ],
    [ 1870, -2621 ],
    [ 1871, -6677 ],
    [ 1872, -15417 ],
    [ 1873, -2949 ],
    [ 1874, -1977 ],
    [ 1875, -833 ],
    [ 1876, -2771 ],
    [ 1877, -1131 ],
    [ 1878, -3119 ],
    [ 1879, -6383 ],
    [ 1880, -4439 ],
    [ 1881, -119 ],
    [ 1882, -681 ],
    [ 1883, -2547 ],
    [ 1884, -563 ],
    [ 1885, -27087 ],
    [ 1886, -591 ],
    [ 1887, -3 ],
    [ 1888, -3141 ],
    [ 1889, -4557 ],
    [ 1890, -461 ],
    [ 1891, -5681 ],
    [ 1892, -14969 ],
    [ 1893, -16749 ],
    [ 1894, -4557 ],
    [ 1895, -6507 ],
    [ 1896, -1809 ],
    [ 1897, -6389 ],
    [ 1898, -567 ],
    [ 1899, -2159 ],
    [ 1900, -8073 ],
    [ 1901, -1463 ],
    [ 1902, -1707 ],
    [ 1903, -8147 ],
    [ 1904, -1743 ],
    [ 1905, -3383 ],
    [ 1906, -3611 ],
    [ 1907, -6857 ],
    [ 1908, -6899 ],
    [ 1909, -471 ],
    [ 1910, -8481 ],
    [ 1911, -2621 ],
    [ 1912, -2777 ],
    [ 1913, -393 ],
    [ 1914, -2001 ],
    [ 1915, -3297 ],
    [ 1916, -3681 ],
    [ 1917, -1527 ],
    [ 1918, -1679 ],
    [ 1919, -8213 ],
    [ 1920, -30069 ],
    [ 1921, -7107 ],
    [ 1922, -6321 ],
    [ 1923, -1227 ],
    [ 1924, -3593 ],
    [ 1925, -353 ],
    [ 1926, -299 ],
    [ 1927, -909 ],
    [ 1928, -741 ],
    [ 1929, -20793 ],
    [ 1930, -2439 ],
    [ 1931, -1017 ],
    [ 1932, -17 ],
    [ 1933, -4103 ],
    [ 1934, -7551 ],
    [ 1935, -39 ],
    [ 1936, -6069 ],
    [ 1937, -3389 ],
    [ 1938, -8553 ],
    [ 1939, -3287 ],
    [ 1940, -537 ],
    [ 1941, -3473 ],
    [ 1942, -959 ],
    [ 1943, -1721 ],
    [ 1944, -2109 ],
    [ 1945, -6063 ],
    [ 1946, -2699 ],
    [ 1947, -101 ],
    [ 1948, -10397 ],
    [ 1949, -2193 ],
    [ 1950, -8921 ],
    [ 1951, -6083 ],
    [ 1952, -1197 ],
    [ 1953, -1541 ],
    [ 1954, -429 ],
    [ 1955, -209 ],
    [ 1956, -9459 ],
    [ 1957, -1337 ],
    [ 1958, -4487 ],
    [ 1959, -1257 ],
    [ 1960, -1599 ],
    [ 1961, -5427 ],
    [ 1962, -1641 ],
    [ 1963, -12689 ],
    [ 1964, -491 ],
    [ 1965, -1857 ],
    [ 1966, -16473 ],
    [ 1967, -1749 ],
    [ 1968, -1953 ],
    [ 1969, -1769 ],
    [ 1970, -14427 ],
    [ 1971, -3461 ],
    [ 1972, -2991 ],
    [ 1973, -11297 ],
    [ 1974, -1187 ],
    [ 1975, -1047 ],
    [ 1976, -1401 ],
    [ 1977, -4503 ],
    [ 1978, -4389 ],
    [ 1979, -4589 ],
    [ 1980, -6243 ],
    [ 1981, -1917 ],
    [ 1982, -5877 ],
    [ 1983, -579 ],
    [ 1984, -6329 ],
    [ 1985, -1529 ],
    [ 1986, -347 ],
    [ 1987, -3047 ],
    [ 1988, -5249 ],
    [ 1989, -4677 ],
    [ 1990, -6063 ],
    [ 1991, -501 ],
    [ 1992, -4133 ],
    [ 1993, -671 ],
    [ 1994, -9651 ],
    [ 1995, -653 ],
    [ 1996, -2169 ],
    [ 1997, -7269 ],
    [ 1998, -213 ],
    [ 1999, -1577 ],
    [ 2000, -9297 ],
    [ 2001, -3099 ],
    [ 2002, -99 ],
    [ 2003, -2163 ],
    [ 2004, -8699 ],
    [ 2005, -14259 ],
    [ 2006, -651 ],
    [ 2007, -2301 ],
    [ 2008, -759 ],
    [ 2009, -7851 ],
    [ 2010, -5163 ],
    [ 2011, -357 ],
    [ 2012, -15209 ],
    [ 2013, -3039 ],
    [ 2014, -2919 ],
    [ 2015, -561 ],
    [ 2016, -2277 ],
    [ 2017, -1877 ],
    [ 2018, -557 ],
    [ 2019, -7829 ],
    [ 2020, -10821 ],
    [ 2021, -723 ],
    [ 2022, -2373 ],
    [ 2023, -477 ],
    [ 2024, -6741 ],
    [ 2025, -5657 ],
    [ 2026, -1851 ],
    [ 2027, -7287 ],
    [ 2028, -6333 ],
    [ 2029, -1173 ],
    [ 2030, -3849 ],
    [ 2031, -9279 ],
    [ 2032, -1331 ],
    [ 2033, -5099 ],
    [ 2034, -4689 ],
    [ 2035, -1551 ],
    [ 2036, -13319 ],
    [ 2037, -21309 ],
    [ 2038, -839 ],
    [ 2039, -6029 ],
    [ 2040, -8547 ],
    [ 2041, -2253 ],
    [ 2042, -1139 ],
    [ 2043, -2343 ],
    [ 2044, -1701 ],
    [ 2045, -231 ],
    [ 2046, -4569 ],
    [ 2047, -6791 ],
    [ 2048, -27381 ],
    [ 2049, -3083 ],
    [ 2050, -2669 ],
    [ 2051, -5729 ],
    [ 2052, -567 ],
    [ 2053, -9629 ],
    [ 2054, -1977 ],
    [ 2055, -1443 ],
    [ 2056, -8051 ],
    [ 2057, -9303 ],
    [ 2058, -9243 ],
    [ 2059, -4089 ],
    [ 2060, -24759 ],
    [ 2061, -3293 ],
    [ 2062, -5757 ],
    [ 2063, -4349 ],
    [ 2064, -329 ],
    [ 2065, -6299 ],
    [ 2066, -7553 ],
    [ 2067, -653 ],
    [ 2068, -1259 ],
    [ 2069, -6539 ],
    [ 2070, -5579 ],
    [ 2071, -9521 ],
    [ 2072, -2691 ],
    [ 2073, -977 ],
    [ 2074, -1899 ],
    [ 2075, -323 ],
    [ 2076, -2231 ],
    [ 2077, -8433 ],
    [ 2078, -2717 ],
    [ 2079, -869 ],
    [ 2080, -1763 ],
    [ 2081, -3017 ],
    [ 2082, -4563 ],
    [ 2083, -1637 ],
    [ 2084, -6087 ],
    [ 2085, -507 ],
    [ 2086, -603 ],
    [ 2087, -7343 ],
    [ 2088, -3153 ],
    [ 2089, -203 ],
    [ 2090, -123 ],
    [ 2091, -9783 ],
    [ 2092, -1533 ],
    [ 2093, -1791 ],
    [ 2094, -3419 ],
    [ 2095, -7671 ],
    [ 2096, -1697 ],
    [ 2097, -2829 ],
    [ 2098, -4079 ],
    [ 2099, -1281 ],
    [ 2100, -4451 ],
    [ 2101, -12417 ],
    [ 2102, -3549 ],
    [ 2103, -4271 ],
    [ 2104, -1683 ],
    [ 2105, -6173 ],
    [ 2106, -6327 ],
    [ 2107, -189 ],
    [ 2108, -1929 ],
    [ 2109, -5793 ],
    [ 2110, -6803 ],
    [ 2111, -3459 ],
    [ 2112, -123 ],
    [ 2113, -4011 ],
    [ 2114, -437 ],
    [ 2115, -4251 ],
    [ 2116, -5531 ],
    [ 2117, -6707 ],
    [ 2118, -4167 ],
    [ 2119, -4341 ],
    [ 2120, -13011 ],
    [ 2121, -2241 ],
    [ 2122, -5547 ],
    [ 2123, -539 ],
    [ 2124, -891 ],
    [ 2125, -737 ],
    [ 2126, -6683 ],
    [ 2127, -7241 ],
    [ 2128, -32837 ],
    [ 2129, -3923 ],
    [ 2130, -2957 ],
    [ 2131, -137 ],
    [ 2132, -2009 ],
    [ 2133, -9507 ],
    [ 2134, -563 ],
    [ 2135, -3513 ],
    [ 2136, -6831 ],
    [ 2137, -4689 ],
    [ 2138, -819 ],
    [ 2139, -3813 ],
    [ 2140, -14111 ],
    [ 2141, -9981 ],
    [ 2142, -14343 ],
    [ 2143, -6917 ],
    [ 2144, -3557 ],
    [ 2145, -393 ],
    [ 2146, -71 ],
    [ 2147, -1859 ],
    [ 2148, -8993 ],
    [ 2149, -683 ],
    [ 2150, -4521 ],
    [ 2151, -1181 ],
    [ 2152, -11997 ],
    [ 2153, -9213 ],
    [ 2154, -8439 ],
    [ 2155, -897 ],
    [ 2156, -1719 ],
    [ 2157, -5019 ],
    [ 2158, -3131 ],
    [ 2159, -6437 ],
    [ 2160, -5999 ],
    [ 2161, -3047 ],
    [ 2162, -4211 ],
    [ 2163, -4671 ],
    [ 2164, -2397 ],
    [ 2165, -15879 ],
    [ 2166, -2847 ],
    [ 2167, -16629 ],
    [ 2168, -273 ],
    [ 2169, -1089 ],
    [ 2170, -2969 ],
    [ 2171, -8847 ],
    [ 2172, -19233 ],
    [ 2173, -9423 ],
    [ 2174, -4131 ],
    [ 2175, -20001 ],
    [ 2176, -1209 ],
    [ 2177, -1763 ],
    [ 2178, -2453 ],
    [ 2179, -17117 ],
    [ 2180, -1467 ],
    [ 2181, -2609 ],
    [ 2182, -2087 ],
    [ 2183, -4547 ],
    [ 2184, -1881 ],
    [ 2185, -13007 ],
    [ 2186, -20427 ],
    [ 2187, -693 ],
    [ 2188, -2457 ],
    [ 2189, -1029 ],
    [ 2190, -2361 ],
    [ 2191, -1437 ],
    [ 2192, -3713 ],
    [ 2193, -2919 ],
    [ 2194, -3843 ],
    [ 2195, -2481 ],
    [ 2196, -2411 ],
    [ 2197, -2849 ],
    [ 2198, -11667 ],
    [ 2199, -227 ],
    [ 2200, -1947 ],
    [ 2201, -8691 ],
    [ 2202, -3161 ],
    [ 2203, -2657 ],
    [ 2204, -21291 ],
    [ 2205, -3767 ],
    [ 2206, -5361 ],
    [ 2207, -3843 ],
    [ 2208, -7289 ],
    [ 2209, -233 ],
    [ 2210, -629 ],
    [ 2211, -1739 ],
    [ 2212, -10667 ],
    [ 2213, -11757 ],
    [ 2214, -14909 ],
    [ 2215, -1269 ],
    [ 2216, -29 ],
    [ 2217, -1823 ],
    [ 2218, -6681 ],
    [ 2219, -2687 ],
    [ 2220, -1187 ],
    [ 2221, -1673 ],
    [ 2222, -4413 ],
    [ 2223, -17937 ],
    [ 2224, -14063 ],
    [ 2225, -2873 ],
    [ 2226, -8151 ],
    [ 2227, -7989 ],
    [ 2228, -1667 ],
    [ 2229, -2609 ],
    [ 2230, -11033 ],
    [ 2231, -1851 ],
    [ 2232, -31017 ],
    [ 2233, -3287 ],
    [ 2234, -9237 ],
    [ 2235, -971 ],
    [ 2236, -467 ],
    [ 2237, -10203 ],
    [ 2238, -19329 ],
    [ 2239, -4457 ],
    [ 2240, -5139 ],
    [ 2241, -1439 ],
    [ 2242, -1391 ],
    [ 2243, -533 ],
    [ 2244, -8523 ],
    [ 2245, -5283 ],
    [ 2246, -2693 ],
    [ 2247, -7887 ],
    [ 2248, -2081 ],
    [ 2249, -1137 ],
    [ 2250, -4793 ],
    [ 2251, -6777 ],
    [ 2252, -227 ],
    [ 2253, -5127 ],
    [ 2254, -1443 ],
    [ 2255, -5117 ],
    [ 2256, -369 ],
    [ 2257, -14259 ],
    [ 2258, -5943 ],
    [ 2259, -887 ],
    [ 2260, -7131 ],
    [ 2261, -3641 ],
    [ 2262, -18473 ],
    [ 2263, -19853 ],
    [ 2264, -1259 ],
    [ 2265, -12849 ],
    [ 2266, -2177 ],
    [ 2267, -8463 ],
    [ 2268, -21 ],
    [ 2269, -5453 ],
    [ 2270, -1379 ],
    [ 2271, -2867 ],
    [ 2272, -4847 ],
    [ 2273, -3791 ],
    [ 2274, -3491 ],
    [ 2275, -2093 ],
    [ 2276, -13913 ],
    [ 2277, -2123 ],
    [ 2278, -4301 ],
    [ 2279, -2697 ],
    [ 2280, -233 ],
    [ 2281, -4907 ],
    [ 2282, -1811 ],
    [ 2283, -443 ],
    [ 2284, -2939 ],
    [ 2285, -1053 ],
    [ 2286, -6759 ],
    [ 2287, -12041 ],
    [ 2288, -15051 ],
    [ 2289, -117 ],
    [ 2290, -1161 ],
    [ 2291, -3569 ],
    [ 2292, -117 ],
    [ 2293, -7289 ],
    [ 2294, -9209 ],
    [ 2295, -13461 ],
    [ 2296, -2477 ],
    [ 2297, -5993 ],
    [ 2298, -2177 ],
    [ 2299, -1353 ],
    [ 2300, -167 ],
    [ 2301, -1853 ],
    [ 2302, -3593 ],
    [ 2303, -19989 ],
    [ 2304, -4553 ],
    [ 2305, -1433 ],
    [ 2306, -22569 ],
    [ 2307, -663 ],
    [ 2308, -10349 ],
    [ 2309, -2033 ],
    [ 2310, -3947 ],
    [ 2311, -2237 ],
    [ 2312, -593 ],
    [ 2313, -31431 ],
    [ 2314, -1161 ],
    [ 2315, -3647 ],
    [ 2316, -15969 ],
    [ 2317, -12879 ],
    [ 2318, -16517 ],
    [ 2319, -3543 ],
    [ 2320, -2969 ],
    [ 2321, -8319 ],
    [ 2322, -987 ],
    [ 2323, -1299 ],
    [ 2324, -2621 ],
    [ 2325, -6557 ],
    [ 2326, -3911 ],
    [ 2327, -519 ],
    [ 2328, -21 ],
    [ 2329, -5811 ],
    [ 2330, -10673 ],
    [ 2331, -3423 ],
    [ 2332, -10731 ],
    [ 2333, -93 ],
    [ 2334, -1193 ],
    [ 2335, -2951 ],
    [ 2336, -1709 ],
    [ 2337, -30863 ],
    [ 2338, -6173 ],
    [ 2339, -9389 ],
    [ 2340, -2873 ],
    [ 2341, -249 ],
    [ 2342, -12087 ],
    [ 2343, -8061 ],
    [ 2344, -2411 ],
    [ 2345, -10557 ],
    [ 2346, -6321 ],
    [ 2347, -10593 ],
    [ 2348, -2709 ],
    [ 2349, -89 ],
    [ 2350, -10523 ],
    [ 2351, -7527 ],
    [ 2352, -207 ],
    [ 2353, -12447 ],
    [ 2354, -4277 ],
    [ 2355, -2483 ],
    [ 2356, -4017 ],
    [ 2357, -2619 ],
    [ 2358, -8621 ],
    [ 2359, -1461 ],
    [ 2360, -977 ],
    [ 2361, -161 ],
    [ 2362, -5279 ],
    [ 2363, -14457 ],
    [ 2364, -1533 ],
    [ 2365, -4997 ],
    [ 2366, -3699 ],
    [ 2367, -497 ],
    [ 2368, -87 ],
    [ 2369, -5753 ],
    [ 2370, -123 ],
    [ 2371, -3171 ],
    [ 2372, -7589 ],
    [ 2373, -13767 ],
    [ 2374, -7611 ],
    [ 2375, -4313 ],
    [ 2376, -861 ],
    [ 2377, -8399 ],
    [ 2378, -7727 ],
    [ 2379, -1311 ],
    [ 2380, -7191 ],
    [ 2381, -119 ],
    [ 2382, -2859 ],
    [ 2383, -657 ],
    [ 2384, -993 ],
    [ 2385, -6407 ],
    [ 2386, -923 ],
    [ 2387, -5901 ],
    [ 2388, -801 ],
    [ 2389, -9087 ],
    [ 2390, -1197 ],
    [ 2391, -3083 ],
    [ 2392, -7587 ],
    [ 2393, -5877 ],
    [ 2394, -11399 ],
    [ 2395, -5199 ],
    [ 2396, -1763 ],
    [ 2397, -18093 ],
    [ 2398, -489 ],
    [ 2399, -1059 ],
    [ 2400, -191 ],
    [ 2401, -3749 ],
    [ 2402, -5783 ],
    [ 2403, -3881 ],
    [ 2404, -3359 ],
    [ 2405, -3539 ],
    [ 2406, -4043 ],
    [ 2407, -4793 ],
    [ 2408, -18023 ],
    [ 2409, -8061 ],
    [ 2410, -743 ],
    [ 2411, -917 ],
    [ 2412, -2057 ],
    [ 2413, -3441 ],
    [ 2414, -567 ],
    [ 2415, -7079 ],
    [ 2416, -2247 ],
    [ 2417, -1673 ],
    [ 2418, -10211 ],
    [ 2419, -2729 ],
    [ 2420, -4707 ],
    [ 2421, -2277 ],
    [ 2422, -11247 ],
    [ 2423, -723 ],
    [ 2424, -34667 ],
    [ 2425, -16839 ],
    [ 2426, -2693 ],
    [ 2427, -1727 ],
    [ 2428, -8679 ],
    [ 2429, -3951 ],
    [ 2430, -2039 ],
    [ 2431, -3539 ],
    [ 2432, -2379 ],
    [ 2433, -13127 ],
    [ 2434, -11571 ],
    [ 2435, -6351 ],
    [ 2436, -1763 ],
    [ 2437, -10577 ],
    [ 2438, -1989 ],
    [ 2439, -5519 ],
    [ 2440, -1829 ],
    [ 2441, -2373 ],
    [ 2442, -4017 ],
    [ 2443, -497 ],
    [ 2444, -2103 ],
    [ 2445, -7119 ],
    [ 2446, -377 ],
    [ 2447, -17661 ],
    [ 2448, -6663 ],
    [ 2449, -14819 ],
    [ 2450, -1599 ],
    [ 2451, -4217 ],
    [ 2452, -10173 ],
    [ 2453, -5183 ],
    [ 2454, -5081 ],
    [ 2455, -4563 ],
    [ 2456, -1403 ],
    [ 2457, -4181 ],
    [ 2458, -3867 ],
    [ 2459, -2733 ],
    [ 2460, -6123 ],
    [ 2461, -2081 ],
    [ 2462, -3387 ],
    [ 2463, -4391 ],
    [ 2464, -1931 ],
    [ 2465, -1841 ],
    [ 2466, -4679 ],
    [ 2467, -11559 ],
    [ 2468, -8609 ],
    [ 2469, -9887 ],
    [ 2470, -4703 ],
    [ 2471, -5369 ],
    [ 2472, -7389 ],
    [ 2473, -3327 ],
    [ 2474, -1721 ],
    [ 2475, -401 ],
    [ 2476, -1113 ],
    [ 2477, -17327 ],
    [ 2478, -5627 ],
    [ 2479, -17943 ],
    [ 2480, -10151 ],
    [ 2481, -12153 ],
    [ 2482, -429 ],
    [ 2483, -611 ],
    [ 2484, -5049 ],
    [ 2485, -833 ],
    [ 2486, -1047 ],
    [ 2487, -4551 ],
    [ 2488, -12537 ],
    [ 2489, -4683 ],
    [ 2490, -2061 ],
    [ 2491, -1241 ],
    [ 2492, -3633 ],
    [ 2493, -933 ],
    [ 2494, -2481 ],
    [ 2495, -629 ],
    [ 2496, -5277 ],
    [ 2497, -729 ],
    [ 2498, -8679 ],
    [ 2499, -2607 ],
    [ 2500, -9287 ],
    [ 2501, -1653 ],
    [ 2502, -4389 ],
    [ 2503, -1421 ],
    [ 2504, -14061 ],
    [ 2505, -6617 ],
    [ 2506, -1113 ],
    [ 2507, -2703 ],
    [ 2508, -2261 ],
    [ 2509, -293 ],
    [ 2510, -4397 ],
    [ 2511, -3669 ],
    [ 2512, -2547 ],
    [ 2513, -29343 ],
    [ 2514, -7737 ],
    [ 2515, -1029 ],
    [ 2516, -657 ],
    [ 2517, -5451 ],
    [ 2518, -6137 ],
    [ 2519, -567 ],
    [ 2520, -20487 ],
    [ 2521, -1541 ],
    [ 2522, -1271 ],
    [ 2523, -4907 ],
    [ 2524, -4713 ],
    [ 2525, -7379 ],
    [ 2526, -4491 ],
    [ 2527, -537 ],
    [ 2528, -1151 ],
    [ 2529, -1943 ],
    [ 2530, -2679 ],
    [ 2531, -1623 ],
    [ 2532, -2643 ],
    [ 2533, -1409 ],
    [ 2534, -9719 ],
    [ 2535, -12633 ],
    [ 2536, -11223 ],
    [ 2537, -11319 ],
    [ 2538, -4197 ],
    [ 2539, -783 ],
    [ 2540, -4859 ],
    [ 2541, -5229 ],
    [ 2542, -357 ],
    [ 2543, -1259 ],
    [ 2544, -6603 ],
    [ 2545, -4769 ],
    [ 2546, -1107 ],
    [ 2547, -1197 ],
    [ 2548, -15827 ],
    [ 2549, -377 ],
    [ 2550, -581 ],
    [ 2551, -9839 ],
    [ 2552, -15683 ],
    [ 2553, -689 ],
    [ 2554, -9347 ],
    [ 2555, -17081 ],
    [ 2556, -4673 ],
    [ 2557, -7449 ],
    [ 2558, -1139 ],
    [ 2559, -4889 ],
    [ 2560, -1197 ],
    [ 2561, -7599 ],
    [ 2562, -1329 ],
    [ 2563, -5957 ],
    [ 2564, -17031 ],
    [ 2565, -5513 ],
    [ 2566, -14553 ],
    [ 2567, -1323 ],
    [ 2568, -5471 ],
    [ 2569, -6617 ],
    [ 2570, -1433 ],
    [ 2571, -1067 ],
    [ 2572, -807 ],
    [ 2573, -9347 ],
    [ 2574, -3789 ],
    [ 2575, -28131 ],
    [ 2576, -14067 ],
    [ 2577, -14441 ],
    [ 2578, -1623 ],
    [ 2579, -2999 ],
    [ 2580, -3551 ],
    [ 2581, -99 ],
    [ 2582, -6473 ],
    [ 2583, -2289 ],
    [ 2584, -2513 ],
    [ 2585, -7541 ],
    [ 2586, -18249 ],
    [ 2587, -14049 ],
    [ 2588, -4581 ],
    [ 2589, -7497 ],
    [ 2590, -19671 ],
    [ 2591, -3713 ],
    [ 2592, -2411 ],
    [ 2593, -411 ],
    [ 2594, -4257 ],
    [ 2595, -6693 ],
    [ 2596, -9771 ],
    [ 2597, -5291 ],
    [ 2598, -11681 ],
    [ 2599, -4479 ],
    [ 2600, -209 ],
    [ 2601, -4881 ],
    [ 2602, -5147 ],
    [ 2603, -3531 ],
    [ 2604, -5873 ],
    [ 2605, -16791 ],
    [ 2606, -8673 ],
    [ 2607, -34899 ],
    [ 2608, -1091 ],
    [ 2609, -4283 ],
    [ 2610, -10133 ],
    [ 2611, -15801 ],
    [ 2612, -3491 ],
    [ 2613, -11949 ],
    [ 2614, -12683 ],
    [ 2615, -1211 ],
    [ 2616, -2459 ],
    [ 2617, -2349 ],
    [ 2618, -14547 ],
    [ 2619, -3347 ],
    [ 2620, -7313 ],
    [ 2621, -5511 ],
    [ 2622, -10839 ],
    [ 2623, -4811 ],
    [ 2624, -4913 ],
    [ 2625, -2787 ],
    [ 2626, -9009 ],
    [ 2627, -4631 ],
    [ 2628, -1931 ],
    [ 2629, -1233 ],
    [ 2630, -1889 ],
    [ 2631, -8043 ],
    [ 2632, -317 ],
    [ 2633, -6833 ],
    [ 2634, -20867 ],
    [ 2635, -6603 ],
    [ 2636, -1349 ],
    [ 2637, -1281 ],
    [ 2638, -2789 ],
    [ 2639, -5463 ],
    [ 2640, -2001 ],
    [ 2641, -30867 ],
    [ 2642, -3777 ],
    [ 2643, -15869 ],
    [ 2644, -4349 ],
    [ 2645, -2667 ],
    [ 2646, -8337 ],
    [ 2647, -1197 ],
    [ 2648, -1799 ],
    [ 2649, -4319 ],
    [ 2650, -9579 ],
    [ 2651, -4533 ],
    [ 2652, -1391 ],
    [ 2653, -14319 ],
    [ 2654, -3143 ],
    [ 2655, -6063 ],
    [ 2656, -3681 ],
    [ 2657, -1607 ],
    [ 2658, -1829 ],
    [ 2659, -14207 ],
    [ 2660, -10427 ],
    [ 2661, -6597 ],
    [ 2662, -1241 ],
    [ 2663, -273 ],
    [ 2664, -16383 ],
    [ 2665, -7169 ],
    [ 2666, -7799 ],
    [ 2667, -609 ],
    [ 2668, -9641 ],
    [ 2669, -5049 ],
    [ 2670, -1547 ],
    [ 2671, -2693 ],
    [ 2672, -10137 ],
    [ 2673, -17229 ],
    [ 2674, -2513 ],
    [ 2675, -16431 ],
    [ 2676, -1853 ],
    [ 2677, -99 ],
    [ 2678, -4677 ],
    [ 2679, -473 ],
    [ 2680, -10499 ],
    [ 2681, -10881 ],
    [ 2682, -3857 ],
    [ 2683, -389 ],
    [ 2684, -3771 ],
    [ 2685, -429 ],
    [ 2686, -4811 ],
    [ 2687, -23709 ],
    [ 2688, -11469 ],
    [ 2689, -1563 ],
    [ 2690, -4547 ],
    [ 2691, -21897 ],
    [ 2692, -56129 ],
    [ 2693, -1361 ],
    [ 2694, -13613 ],
    [ 2695, -3683 ],
    [ 2696, -2873 ],
    [ 2697, -21533 ],
    [ 2698, -509 ],
    [ 2699, -3311 ],
    [ 2700, -2841 ],
    [ 2701, -1317 ],
    [ 2702, -14111 ],
    [ 2703, -11391 ],
    [ 2704, -5609 ],
    [ 2705, -10409 ],
    [ 2706, -11079 ],
    [ 2707, -2783 ],
    [ 2708, -1407 ],
    [ 2709, -12831 ],
    [ 2710, -17957 ],
    [ 2711, -287 ],
    [ 2712, -5421 ],
    [ 2713, -1611 ],
    [ 2714, -5789 ],
    [ 2715, -1083 ],
    [ 2716, -2897 ],
    [ 2717, -1679 ],
    [ 2718, -2877 ],
    [ 2719, -1367 ],
    [ 2720, -21689 ],
    [ 2721, -14583 ],
    [ 2722, -7577 ],
    [ 2723, -6737 ],
    [ 2724, -4349 ],
    [ 2725, -11807 ],
    [ 2726, -1047 ],
    [ 2727, -771 ],
    [ 2728, -21807 ],
    [ 2729, -6503 ],
    [ 2730, -369 ],
    [ 2731, -26963 ],
    [ 2732, -6317 ],
    [ 2733, -4271 ],
    [ 2734, -6509 ],
    [ 2735, -6603 ],
    [ 2736, -1733 ],
    [ 2737, -3177 ],
    [ 2738, -16827 ],
    [ 2739, -6419 ],
    [ 2740, -239 ],
    [ 2741, -2181 ],
    [ 2742, -363 ],
    [ 2743, -17871 ],
    [ 2744, -8151 ],
    [ 2745, -5819 ],
    [ 2746, -4343 ],
    [ 2747, -6443 ],
    [ 2748, -2397 ],
    [ 2749, -6563 ],
    [ 2750, -3717 ],
    [ 2751, -13829 ],
    [ 2752, -3173 ],
    [ 2753, -17391 ],
    [ 2754, -6911 ],
    [ 2755, -4083 ],
    [ 2756, -2393 ],
    [ 2757, -9069 ],
    [ 2758, -4739 ],
    [ 2759, -1259 ],
    [ 2760, -6261 ],
    [ 2761, -16029 ],
    [ 2762, -2709 ],
    [ 2763, -3447 ],
    [ 2764, -1133 ],
    [ 2765, -26753 ],
    [ 2766, -18471 ],
    [ 2767, -809 ],
    [ 2768, -1307 ],
    [ 2769, -4599 ],
    [ 2770, -2813 ],
    [ 2771, -1871 ],
    [ 2772, -13407 ],
    [ 2773, -12989 ],
    [ 2774, -2337 ],
    [ 2775, -423 ],
    [ 2776, -5951 ],
    [ 2777, -4649 ],
    [ 2778, -9081 ],
    [ 2779, -1967 ],
    [ 2780, -6681 ],
    [ 2781, -1089 ],
    [ 2782, -15251 ],
    [ 2783, -2753 ],
    [ 2784, -219 ],
    [ 2785, -2979 ],
    [ 2786, -161 ],
    [ 2787, -5399 ],
    [ 2788, -11763 ],
    [ 2789, -5879 ],
    [ 2790, -11039 ],
    [ 2791, -12293 ],
    [ 2792, -1989 ],
    [ 2793, -13821 ],
    [ 2794, -147 ],
    [ 2795, -18519 ],
    [ 2796, -5621 ],
    [ 2797, -893 ],
    [ 2798, -8211 ],
    [ 2799, -861 ],
    [ 2800, -15153 ],
    [ 2801, -1071 ],
    [ 2802, -7973 ],
    [ 2803, -1541 ],
    [ 2804, -3219 ],
    [ 2805, -539 ],
    [ 2806, -369 ],
    [ 2807, -22599 ],
    [ 2808, -3941 ],
    [ 2809, -1743 ],
    [ 2810, -9647 ],
    [ 2811, -2049 ],
    [ 2812, -4497 ],
    [ 2813, -6527 ],
    [ 2814, -33669 ],
    [ 2815, -4467 ],
    [ 2816, -42081 ],
    [ 2817, -7581 ],
    [ 2818, -1007 ],
    [ 2819, -1991 ],
    [ 2820, -7457 ],
    [ 2821, -24327 ],
    [ 2822, -2243 ],
    [ 2823, -15251 ],
    [ 2824, -2283 ],
    [ 2825, -14771 ],
    [ 2826, -2337 ],
    [ 2827, -7761 ],
    [ 2828, -13059 ],
    [ 2829, -2451 ],
    [ 2830, -4523 ],
    [ 2831, -8963 ],
    [ 2832, -1943 ],
    [ 2833, -26711 ],
    [ 2834, -13769 ],
    [ 2835, -20427 ],
    [ 2836, -8001 ],
    [ 2837, -9633 ],
    [ 2838, -8153 ],
    [ 2839, -5781 ],
    [ 2840, -2099 ],
    [ 2841, -1457 ],
    [ 2842, -7667 ],
    [ 2843, -3177 ],
    [ 2844, -16011 ],
    [ 2845, -11559 ],
    [ 2846, -2033 ],
    [ 2847, -2889 ],
    [ 2848, -2073 ],
    [ 2849, -5253 ],
    [ 2850, -32279 ],
    [ 2851, -8999 ],
    [ 2852, -10301 ],
    [ 2853, -1529 ],
    [ 2854, -3627 ],
    [ 2855, -4199 ],
    [ 2856, -8183 ],
    [ 2857, -2123 ],
    [ 2858, -2811 ],
    [ 2859, -6261 ],
    [ 2860, -4529 ],
    [ 2861, -3681 ],
    [ 2862, -4391 ],
    [ 2863, -2387 ],
    [ 2864, -5711 ],
    [ 2865, -14627 ],
    [ 2866, -14517 ],
    [ 2867, -2087 ],
    [ 2868, -1029 ],
    [ 2869, -2951 ],
    [ 2870, -5069 ],
    [ 2871, -6671 ],
    [ 2872, -2621 ],
    [ 2873, -8789 ],
    [ 2874, -3429 ],
    [ 2875, -11027 ],
    [ 2876, -8159 ],
    [ 2877, -21441 ],
    [ 2878, -2409 ],
    [ 2879, -839 ],
    [ 2880, -1707 ],
    [ 2881, -3407 ],
    [ 2882, -3179 ],
    [ 2883, -621 ],
    [ 2884, -279 ],
    [ 2885, -2367 ],
    [ 2886, -8871 ],
    [ 2887, -4403 ],
    [ 2888, -1887 ],
    [ 2889, -10467 ],
    [ 2890, -2523 ],
    [ 2891, -2879 ],
    [ 2892, -11303 ],
    [ 2893, -3093 ],
    [ 2894, -11 ],
    [ 2895, -1383 ],
    [ 2896, -7467 ],
    [ 2897, -8123 ],
    [ 2898, -7247 ],
    [ 2899, -10247 ],
    [ 2900, -11759 ],
    [ 2901, -8219 ],
    [ 2902, -7643 ],
    [ 2903, -3989 ],
    [ 2904, -3617 ],
    [ 2905, -3269 ],
    [ 2906, -16241 ],
    [ 2907, -2061 ],
    [ 2908, -6921 ],
    [ 2909, -5259 ],
    [ 2910, -1281 ],
    [ 2911, -3261 ],
    [ 2912, -3297 ],
    [ 2913, -4337 ],
    [ 2914, -11357 ],
    [ 2915, -1259 ],
    [ 2916, -7439 ],
    [ 2917, -3407 ],
    [ 2918, -1869 ],
    [ 2919, -7121 ],
    [ 2920, -4107 ],
    [ 2921, -4689 ],
    [ 2922, -19491 ],
    [ 2923, -15317 ],
    [ 2924, -6209 ],
    [ 2925, -563 ],
    [ 2926, -1041 ],
    [ 2927, -14919 ],
    [ 2928, -357 ],
    [ 2929, -1889 ],
    [ 2930, -11379 ],
    [ 2931, -1589 ],
    [ 2932, -2351 ],
    [ 2933, -863 ],
    [ 2934, -1491 ],
    [ 2935, -2303 ],
    [ 2936, -5499 ],
    [ 2937, -3767 ],
    [ 2938, -6783 ],
    [ 2939, -4077 ],
    [ 2940, -723 ],
    [ 2941, -10233 ],
    [ 2942, -11651 ],
    [ 2943, -1509 ],
    [ 2944, -17663 ],
    [ 2945, -1019 ],
    [ 2946, -999 ],
    [ 2947, -7037 ],
    [ 2948, -2561 ],
    [ 2949, -1641 ],
    [ 2950, -6123 ],
    [ 2951, -3417 ],
    [ 2952, -461 ],
    [ 2953, -6587 ],
    [ 2954, -1749 ],
    [ 2955, -8589 ],
    [ 2956, -25737 ],
    [ 2957, -1263 ],
    [ 2958, -1733 ],
    [ 2959, -2633 ],
    [ 2960, -20381 ],
    [ 2961, -9161 ],
    [ 2962, -2409 ],
    [ 2963, -1929 ],
    [ 2964, -609 ],
    [ 2965, -3501 ],
    [ 2966, -6363 ],
    [ 2967, -561 ],
    [ 2968, -5579 ],
    [ 2969, -8049 ],
    [ 2970, -1853 ],
    [ 2971, -18557 ],
    [ 2972, -3431 ],
    [ 2973, -11831 ],
    [ 2974, -3683 ],
    [ 2975, -1103 ],
    [ 2976, -20991 ],
    [ 2977, -1919 ],
    [ 2978, -2393 ],
    [ 2979, -2777 ],
    [ 2980, -2103 ],
    [ 2981, -10769 ],
    [ 2982, -299 ],
    [ 2983, -683 ],
    [ 2984, -8379 ],
    [ 2985, -9713 ],
    [ 2986, -1463 ],
    [ 2987, -149 ],
    [ 2988, -831 ],
    [ 2989, -6141 ],
    [ 2990, -24581 ],
    [ 2991, -9521 ],
    [ 2992, -5343 ],
    [ 2993, -7431 ],
    [ 2994, -4029 ],
    [ 2995, -5801 ],
    [ 2996, -5487 ],
    [ 2997, -14361 ],
    [ 2998, -4107 ],
    [ 2999, -2517 ],
    [ 3000, -4029 ]
]
