c:\sys\ut\rpn\rpn.py -l120 -E -a3010 1 5000 range lambda 2 x ** next_prime 2 x ** - eval 1 enumerate -s1
[
    [ 1, 1 ],
    [ 2, 1 ],
    [ 3, 3 ],
    [ 4, 1 ],
    [ 5, 5 ],
    [ 6, 3 ],
    [ 7, 3 ],
    [ 8, 1 ],
    [ 9, 9 ],
    [ 10, 7 ],
    [ 11, 5 ],
    [ 12, 3 ],
    [ 13, 17 ],
    [ 14, 27 ],
    [ 15, 3 ],
    [ 16, 1 ],
    [ 17, 29 ],
    [ 18, 3 ],
    [ 19, 21 ],
    [ 20, 7 ],
    [ 21, 17 ],
    [ 22, 15 ],
    [ 23, 9 ],
    [ 24, 43 ],
    [ 25, 35 ],
    [ 26, 15 ],
    [ 27, 29 ],
    [ 28, 3 ],
    [ 29, 11 ],
    [ 30, 3 ],
    [ 31, 11 ],
    [ 32, 15 ],
    [ 33, 17 ],
    [ 34, 25 ],
    [ 35, 53 ],
    [ 36, 31 ],
    [ 37, 9 ],
    [ 38, 7 ],
    [ 39, 23 ],
    [ 40, 15 ],
    [ 41, 27 ],
    [ 42, 15 ],
    [ 43, 29 ],
    [ 44, 7 ],
    [ 45, 59 ],
    [ 46, 15 ],
    [ 47, 5 ],
    [ 48, 21 ],
    [ 49, 69 ],
    [ 50, 55 ],
    [ 51, 21 ],
    [ 52, 21 ],
    [ 53, 5 ],
    [ 54, 159 ],
    [ 55, 3 ],
    [ 56, 81 ],
    [ 57, 9 ],
    [ 58, 69 ],
    [ 59, 131 ],
    [ 60, 33 ],
    [ 61, 15 ],
    [ 62, 135 ],
    [ 63, 29 ],
    [ 64, 13 ],
    [ 65, 131 ],
    [ 66, 9 ],
    [ 67, 3 ],
    [ 68, 33 ],
    [ 69, 29 ],
    [ 70, 25 ],
    [ 71, 11 ],
    [ 72, 15 ],
    [ 73, 29 ],
    [ 74, 37 ],
    [ 75, 33 ],
    [ 76, 15 ],
    [ 77, 11 ],
    [ 78, 7 ],
    [ 79, 23 ],
    [ 80, 13 ],
    [ 81, 17 ],
    [ 82, 9 ],
    [ 83, 75 ],
    [ 84, 3 ],
    [ 85, 171 ],
    [ 86, 27 ],
    [ 87, 39 ],
    [ 88, 7 ],
    [ 89, 29 ],
    [ 90, 133 ],
    [ 91, 59 ],
    [ 92, 25 ],
    [ 93, 105 ],
    [ 94, 129 ],
    [ 95, 9 ],
    [ 96, 61 ],
    [ 97, 105 ],
    [ 98, 7 ],
    [ 99, 255 ],
    [ 100, 277 ],
    [ 101, 81 ],
    [ 102, 267 ],
    [ 103, 81 ],
    [ 104, 111 ],
    [ 105, 39 ],
    [ 106, 99 ],
    [ 107, 39 ],
    [ 108, 33 ],
    [ 109, 147 ],
    [ 110, 27 ],
    [ 111, 51 ],
    [ 112, 25 ],
    [ 113, 281 ],
    [ 114, 43 ],
    [ 115, 71 ],
    [ 116, 33 ],
    [ 117, 29 ],
    [ 118, 25 ],
    [ 119, 9 ],
    [ 120, 451 ],
    [ 121, 41 ],
    [ 122, 277 ],
    [ 123, 165 ],
    [ 124, 67 ],
    [ 125, 27 ],
    [ 126, 7 ],
    [ 127, 29 ],
    [ 128, 51 ],
    [ 129, 17 ],
    [ 130, 169 ],
    [ 131, 39 ],
    [ 132, 67 ],
    [ 133, 27 ],
    [ 134, 27 ],
    [ 135, 33 ],
    [ 136, 85 ],
    [ 137, 155 ],
    [ 138, 87 ],
    [ 139, 155 ],
    [ 140, 37 ],
    [ 141, 5 ],
    [ 142, 217 ],
    [ 143, 5 ],
    [ 144, 175 ],
    [ 145, 27 ],
    [ 146, 85 ],
    [ 147, 51 ],
    [ 148, 91 ],
    [ 149, 69 ],
    [ 150, 147 ],
    [ 151, 45 ],
    [ 152, 253 ],
    [ 153, 95 ],
    [ 154, 27 ],
    [ 155, 15 ],
    [ 156, 45 ],
    [ 157, 69 ],
    [ 158, 97 ],
    [ 159, 299 ],
    [ 160, 7 ],
    [ 161, 107 ],
    [ 162, 19 ],
    [ 163, 21 ],
    [ 164, 117 ],
    [ 165, 141 ],
    [ 166, 85 ],
    [ 167, 83 ],
    [ 168, 87 ],
    [ 169, 147 ],
    [ 170, 49 ],
    [ 171, 129 ],
    [ 172, 105 ],
    [ 173, 77 ],
    [ 174, 7 ],
    [ 175, 9 ],
    [ 176, 427 ],
    [ 177, 75 ],
    [ 178, 87 ],
    [ 179, 309 ],
    [ 180, 15 ],
    [ 181, 165 ],
    [ 182, 49 ],
    [ 183, 215 ],
    [ 184, 27 ],
    [ 185, 159 ],
    [ 186, 205 ],
    [ 187, 303 ],
    [ 188, 57 ],
    [ 189, 35 ],
    [ 190, 129 ],
    [ 191, 5 ],
    [ 192, 133 ],
    [ 193, 65 ],
    [ 194, 27 ],
    [ 195, 35 ],
    [ 196, 21 ],
    [ 197, 107 ],
    [ 198, 15 ],
    [ 199, 101 ],
    [ 200, 235 ],
    [ 201, 351 ],
    [ 202, 67 ],
    [ 203, 15 ],
    [ 204, 7 ],
    [ 205, 581 ],
    [ 206, 33 ],
    [ 207, 203 ],
    [ 208, 375 ],
    [ 209, 47 ],
    [ 210, 33 ],
    [ 211, 71 ],
    [ 212, 57 ],
    [ 213, 75 ],
    [ 214, 7 ],
    [ 215, 251 ],
    [ 216, 423 ],
    [ 217, 129 ],
    [ 218, 163 ],
    [ 219, 185 ],
    [ 220, 217 ],
    [ 221, 81 ],
    [ 222, 49 ],
    [ 223, 189 ],
    [ 224, 735 ],
    [ 225, 119 ],
    [ 226, 735 ],
    [ 227, 483 ],
    [ 228, 3 ],
    [ 229, 249 ],
    [ 230, 67 ],
    [ 231, 105 ],
    [ 232, 357 ],
    [ 233, 431 ],
    [ 234, 43 ],
    [ 235, 81 ],
    [ 236, 25 ],
    [ 237, 249 ],
    [ 238, 67 ],
    [ 239, 29 ],
    [ 240, 115 ],
    [ 241, 261 ],
    [ 242, 69 ],
    [ 243, 59 ],
    [ 244, 133 ],
    [ 245, 315 ],
    [ 246, 337 ],
    [ 247, 63 ],
    [ 248, 81 ],
    [ 249, 119 ],
    [ 250, 25 ],
    [ 251, 65 ],
    [ 252, 421 ],
    [ 253, 39 ],
    [ 254, 79 ],
    [ 255, 95 ],
    [ 256, 297 ],
    [ 257, 155 ],
    [ 258, 73 ],
    [ 259, 435 ],
    [ 260, 223 ],
    [ 261, 105 ],
    [ 262, 79 ],
    [ 263, 9 ],
    [ 264, 175 ],
    [ 265, 77 ],
    [ 266, 133 ],
    [ 267, 309 ],
    [ 268, 43 ],
    [ 269, 245 ],
    [ 270, 127 ],
    [ 271, 855 ],
    [ 272, 57 ],
    [ 273, 5 ],
    [ 274, 63 ],
    [ 275, 363 ],
    [ 276, 157 ],
    [ 277, 101 ],
    [ 278, 117 ],
    [ 279, 89 ],
    [ 280, 45 ],
    [ 281, 197 ],
    [ 282, 159 ],
    [ 283, 375 ],
    [ 284, 343 ],
    [ 285, 17 ],
    [ 286, 43 ],
    [ 287, 35 ],
    [ 288, 127 ],
    [ 289, 101 ],
    [ 290, 553 ],
    [ 291, 71 ],
    [ 292, 13 ],
    [ 293, 239 ],
    [ 294, 67 ],
    [ 295, 9 ],
    [ 296, 61 ],
    [ 297, 11 ],
    [ 298, 463 ],
    [ 299, 443 ],
    [ 300, 157 ],
    [ 301, 27 ],
    [ 302, 307 ],
    [ 303, 101 ],
    [ 304, 37 ],
    [ 305, 131 ],
    [ 306, 45 ],
    [ 307, 135 ],
    [ 308, 27 ],
    [ 309, 659 ],
    [ 310, 15 ],
    [ 311, 111 ],
    [ 312, 91 ],
    [ 313, 125 ],
    [ 314, 93 ],
    [ 315, 81 ],
    [ 316, 87 ],
    [ 317, 9 ],
    [ 318, 933 ],
    [ 319, 9 ],
    [ 320, 27 ],
    [ 321, 165 ],
    [ 322, 219 ],
    [ 323, 273 ],
    [ 324, 397 ],
    [ 325, 137 ],
    [ 326, 249 ],
    [ 327, 9 ],
    [ 328, 15 ],
    [ 329, 39 ],
    [ 330, 93 ],
    [ 331, 203 ],
    [ 332, 393 ],
    [ 333, 285 ],
    [ 334, 507 ],
    [ 335, 173 ],
    [ 336, 241 ],
    [ 337, 71 ],
    [ 338, 97 ],
    [ 339, 185 ],
    [ 340, 291 ],
    [ 341, 5 ],
    [ 342, 15 ],
    [ 343, 225 ],
    [ 344, 231 ],
    [ 345, 107 ],
    [ 346, 1039 ],
    [ 347, 441 ],
    [ 348, 241 ],
    [ 349, 377 ],
    [ 350, 427 ],
    [ 351, 143 ],
    [ 352, 55 ],
    [ 353, 141 ],
    [ 354, 805 ],
    [ 355, 141 ],
    [ 356, 691 ],
    [ 357, 231 ],
    [ 358, 417 ],
    [ 359, 23 ],
    [ 360, 105 ],
    [ 361, 281 ],
    [ 362, 705 ],
    [ 363, 309 ],
    [ 364, 867 ],
    [ 365, 239 ],
    [ 366, 309 ],
    [ 367, 69 ],
    [ 368, 127 ],
    [ 369, 65 ],
    [ 370, 69 ],
    [ 371, 329 ],
    [ 372, 147 ],
    [ 373, 585 ],
    [ 374, 289 ],
    [ 375, 81 ],
    [ 376, 115 ],
    [ 377, 435 ],
    [ 378, 25 ],
    [ 379, 99 ],
    [ 380, 127 ],
    [ 381, 507 ],
    [ 382, 255 ],
    [ 383, 369 ],
    [ 384, 231 ],
    [ 385, 189 ],
    [ 386, 235 ],
    [ 387, 789 ],
    [ 388, 133 ],
    [ 389, 89 ],
    [ 390, 3 ],
    [ 391, 885 ],
    [ 392, 207 ],
    [ 393, 77 ],
    [ 394, 97 ],
    [ 395, 29 ],
    [ 396, 231 ],
    [ 397, 387 ],
    [ 398, 127 ],
    [ 399, 51 ],
    [ 400, 181 ],
    [ 401, 807 ],
    [ 402, 505 ],
    [ 403, 293 ],
    [ 404, 55 ],
    [ 405, 539 ],
    [ 406, 129 ],
    [ 407, 309 ],
    [ 408, 37 ],
    [ 409, 29 ],
    [ 410, 33 ],
    [ 411, 63 ],
    [ 412, 67 ],
    [ 413, 221 ],
    [ 414, 315 ],
    [ 415, 323 ],
    [ 416, 235 ],
    [ 417, 245 ],
    [ 418, 163 ],
    [ 419, 299 ],
    [ 420, 45 ],
    [ 421, 105 ],
    [ 422, 163 ],
    [ 423, 309 ],
    [ 424, 163 ],
    [ 425, 57 ],
    [ 426, 423 ],
    [ 427, 69 ],
    [ 428, 345 ],
    [ 429, 131 ],
    [ 430, 73 ],
    [ 431, 173 ],
    [ 432, 1093 ],
    [ 433, 335 ],
    [ 434, 103 ],
    [ 435, 561 ],
    [ 436, 295 ],
    [ 437, 117 ],
    [ 438, 25 ],
    [ 439, 101 ],
    [ 440, 187 ],
    [ 441, 227 ],
    [ 442, 189 ],
    [ 443, 53 ],
    [ 444, 267 ],
    [ 445, 41 ],
    [ 446, 33 ],
    [ 447, 99 ],
    [ 448, 211 ],
    [ 449, 459 ],
    [ 450, 213 ],
    [ 451, 23 ],
    [ 452, 37 ],
    [ 453, 89 ],
    [ 454, 375 ],
    [ 455, 105 ],
    [ 456, 21 ],
    [ 457, 519 ],
    [ 458, 127 ],
    [ 459, 101 ],
    [ 460, 1257 ],
    [ 461, 321 ],
    [ 462, 567 ],
    [ 463, 81 ],
    [ 464, 841 ],
    [ 465, 29 ],
    [ 466, 423 ],
    [ 467, 329 ],
    [ 468, 765 ],
    [ 469, 879 ],
    [ 470, 99 ],
    [ 471, 659 ],
    [ 472, 445 ],
    [ 473, 149 ],
    [ 474, 309 ],
    [ 475, 1235 ],
    [ 476, 223 ],
    [ 477, 315 ],
    [ 478, 583 ],
    [ 479, 221 ],
    [ 480, 165 ],
    [ 481, 65 ],
    [ 482, 475 ],
    [ 483, 329 ],
    [ 484, 333 ],
    [ 485, 165 ],
    [ 486, 207 ],
    [ 487, 443 ],
    [ 488, 777 ],
    [ 489, 179 ],
    [ 490, 655 ],
    [ 491, 813 ],
    [ 492, 21 ],
    [ 493, 549 ],
    [ 494, 375 ],
    [ 495, 51 ],
    [ 496, 583 ],
    [ 497, 159 ],
    [ 498, 375 ],
    [ 499, 161 ],
    [ 500, 55 ],
    [ 501, 519 ],
    [ 502, 49 ],
    [ 503, 165 ],
    [ 504, 133 ],
    [ 505, 51 ],
    [ 506, 559 ],
    [ 507, 351 ],
    [ 508, 15 ],
    [ 509, 35 ],
    [ 510, 15 ],
    [ 511, 111 ],
    [ 512, 75 ],
    [ 513, 159 ],
    [ 514, 169 ],
    [ 515, 15 ],
    [ 516, 121 ],
    [ 517, 357 ],
    [ 518, 37 ],
    [ 519, 393 ],
    [ 520, 513 ],
    [ 521, 887 ],
    [ 522, 345 ],
    [ 523, 375 ],
    [ 524, 117 ],
    [ 525, 731 ],
    [ 526, 697 ],
    [ 527, 249 ],
    [ 528, 381 ],
    [ 529, 69 ],
    [ 530, 189 ],
    [ 531, 375 ],
    [ 532, 123 ],
    [ 533, 279 ],
    [ 534, 675 ],
    [ 535, 83 ],
    [ 536, 37 ],
    [ 537, 701 ],
    [ 538, 87 ],
    [ 539, 119 ],
    [ 540, 31 ],
    [ 541, 729 ],
    [ 542, 93 ],
    [ 543, 989 ],
    [ 544, 163 ],
    [ 545, 845 ],
    [ 546, 15 ],
    [ 547, 809 ],
    [ 548, 453 ],
    [ 549, 261 ],
    [ 550, 1005 ],
    [ 551, 335 ],
    [ 552, 81 ],
    [ 553, 549 ],
    [ 554, 417 ],
    [ 555, 345 ],
    [ 556, 63 ],
    [ 557, 357 ],
    [ 558, 33 ],
    [ 559, 153 ],
    [ 560, 211 ],
    [ 561, 701 ],
    [ 562, 45 ],
    [ 563, 459 ],
    [ 564, 115 ],
    [ 565, 669 ],
    [ 566, 427 ],
    [ 567, 1163 ],
    [ 568, 51 ],
    [ 569, 369 ],
    [ 570, 25 ],
    [ 571, 71 ],
    [ 572, 57 ],
    [ 573, 11 ],
    [ 574, 129 ],
    [ 575, 131 ],
    [ 576, 243 ],
    [ 577, 489 ],
    [ 578, 177 ],
    [ 579, 333 ],
    [ 580, 133 ],
    [ 581, 321 ],
    [ 582, 135 ],
    [ 583, 629 ],
    [ 584, 253 ],
    [ 585, 407 ],
    [ 586, 73 ],
    [ 587, 303 ],
    [ 588, 7 ],
    [ 589, 405 ],
    [ 590, 445 ],
    [ 591, 1335 ],
    [ 592, 87 ],
    [ 593, 405 ],
    [ 594, 315 ],
    [ 595, 575 ],
    [ 596, 67 ],
    [ 597, 159 ],
    [ 598, 279 ],
    [ 599, 323 ],
    [ 600, 187 ],
    [ 601, 51 ],
    [ 602, 265 ],
    [ 603, 129 ],
    [ 604, 337 ],
    [ 605, 77 ],
    [ 606, 477 ],
    [ 607, 485 ],
    [ 608, 253 ],
    [ 609, 369 ],
    [ 610, 7 ],
    [ 611, 261 ],
    [ 612, 297 ],
    [ 613, 417 ],
    [ 614, 933 ],
    [ 615, 119 ],
    [ 616, 175 ],
    [ 617, 599 ],
    [ 618, 267 ],
    [ 619, 59 ],
    [ 620, 1063 ],
    [ 621, 135 ],
    [ 622, 555 ],
    [ 623, 83 ],
    [ 624, 451 ],
    [ 625, 249 ],
    [ 626, 483 ],
    [ 627, 143 ],
    [ 628, 121 ],
    [ 629, 41 ],
    [ 630, 715 ],
    [ 631, 1281 ],
    [ 632, 391 ],
    [ 633, 2081 ],
    [ 634, 249 ],
    [ 635, 1533 ],
    [ 636, 1041 ],
    [ 637, 591 ],
    [ 638, 69 ],
    [ 639, 413 ],
    [ 640, 115 ],
    [ 641, 681 ],
    [ 642, 1165 ],
    [ 643, 59 ],
    [ 644, 247 ],
    [ 645, 497 ],
    [ 646, 573 ],
    [ 647, 473 ],
    [ 648, 81 ],
    [ 649, 329 ],
    [ 650, 385 ],
    [ 651, 89 ],
    [ 652, 445 ],
    [ 653, 159 ],
    [ 654, 19 ],
    [ 655, 549 ],
    [ 656, 81 ],
    [ 657, 555 ],
    [ 658, 69 ],
    [ 659, 681 ],
    [ 660, 765 ],
    [ 661, 165 ],
    [ 662, 1005 ],
    [ 663, 219 ],
    [ 664, 331 ],
    [ 665, 1875 ],
    [ 666, 439 ],
    [ 667, 141 ],
    [ 668, 385 ],
    [ 669, 1067 ],
    [ 670, 9 ],
    [ 671, 299 ],
    [ 672, 583 ],
    [ 673, 101 ],
    [ 674, 603 ],
    [ 675, 269 ],
    [ 676, 1155 ],
    [ 677, 357 ],
    [ 678, 229 ],
    [ 679, 323 ],
    [ 680, 211 ],
    [ 681, 2235 ],
    [ 682, 1795 ],
    [ 683, 83 ],
    [ 684, 183 ],
    [ 685, 27 ],
    [ 686, 303 ],
    [ 687, 285 ],
    [ 688, 165 ],
    [ 689, 515 ],
    [ 690, 85 ],
    [ 691, 135 ],
    [ 692, 651 ],
    [ 693, 35 ],
    [ 694, 115 ],
    [ 695, 225 ],
    [ 696, 681 ],
    [ 697, 9 ],
    [ 698, 1275 ],
    [ 699, 1719 ],
    [ 700, 535 ],
    [ 701, 321 ],
    [ 702, 2049 ],
    [ 703, 203 ],
    [ 704, 327 ],
    [ 705, 2217 ],
    [ 706, 105 ],
    [ 707, 93 ],
    [ 708, 141 ],
    [ 709, 407 ],
    [ 710, 337 ],
    [ 711, 203 ],
    [ 712, 265 ],
    [ 713, 515 ],
    [ 714, 19 ],
    [ 715, 473 ],
    [ 716, 883 ],
    [ 717, 51 ],
    [ 718, 1753 ],
    [ 719, 113 ],
    [ 720, 141 ],
    [ 721, 279 ],
    [ 722, 1225 ],
    [ 723, 119 ],
    [ 724, 177 ],
    [ 725, 629 ],
    [ 726, 789 ],
    [ 727, 155 ],
    [ 728, 505 ],
    [ 729, 939 ],
    [ 730, 273 ],
    [ 731, 345 ],
    [ 732, 81 ],
    [ 733, 639 ],
    [ 734, 117 ],
    [ 735, 411 ],
    [ 736, 297 ],
    [ 737, 837 ],
    [ 738, 847 ],
    [ 739, 51 ],
    [ 740, 345 ],
    [ 741, 81 ],
    [ 742, 519 ],
    [ 743, 239 ],
    [ 744, 975 ],
    [ 745, 267 ],
    [ 746, 207 ],
    [ 747, 1085 ],
    [ 748, 331 ],
    [ 749, 777 ],
    [ 750, 145 ],
    [ 751, 771 ],
    [ 752, 417 ],
    [ 753, 701 ],
    [ 754, 295 ],
    [ 755, 1619 ],
    [ 756, 567 ],
    [ 757, 105 ],
    [ 758, 265 ],
    [ 759, 1515 ],
    [ 760, 333 ],
    [ 761, 705 ],
    [ 762, 537 ],
    [ 763, 615 ],
    [ 764, 711 ],
    [ 765, 1031 ],
    [ 766, 2143 ],
    [ 767, 699 ],
    [ 768, 183 ],
    [ 769, 17 ],
    [ 770, 63 ],
    [ 771, 365 ],
    [ 772, 745 ],
    [ 773, 1091 ],
    [ 774, 745 ],
    [ 775, 825 ],
    [ 776, 247 ],
    [ 777, 605 ],
    [ 778, 1107 ],
    [ 779, 345 ],
    [ 780, 687 ],
    [ 781, 2925 ],
    [ 782, 595 ],
    [ 783, 1373 ],
    [ 784, 3 ],
    [ 785, 75 ],
    [ 786, 309 ],
    [ 787, 39 ],
    [ 788, 133 ],
    [ 789, 761 ],
    [ 790, 205 ],
    [ 791, 335 ],
    [ 792, 201 ],
    [ 793, 417 ],
    [ 794, 289 ],
    [ 795, 63 ],
    [ 796, 567 ],
    [ 797, 105 ],
    [ 798, 7 ],
    [ 799, 221 ],
    [ 800, 25 ],
    [ 801, 1557 ],
    [ 802, 423 ],
    [ 803, 1355 ],
    [ 804, 367 ],
    [ 805, 1505 ],
    [ 806, 117 ],
    [ 807, 149 ],
    [ 808, 15 ],
    [ 809, 107 ],
    [ 810, 669 ],
    [ 811, 65 ],
    [ 812, 603 ],
    [ 813, 129 ],
    [ 814, 235 ],
    [ 815, 179 ],
    [ 816, 127 ],
    [ 817, 359 ],
    [ 818, 417 ],
    [ 819, 165 ],
    [ 820, 1105 ],
    [ 821, 929 ],
    [ 822, 169 ],
    [ 823, 1469 ],
    [ 824, 285 ],
    [ 825, 231 ],
    [ 826, 417 ],
    [ 827, 1421 ],
    [ 828, 1041 ],
    [ 829, 197 ],
    [ 830, 63 ],
    [ 831, 129 ],
    [ 832, 637 ],
    [ 833, 225 ],
    [ 834, 37 ],
    [ 835, 245 ],
    [ 836, 61 ],
    [ 837, 29 ],
    [ 838, 2925 ],
    [ 839, 41 ],
    [ 840, 133 ],
    [ 841, 617 ],
    [ 842, 427 ],
    [ 843, 225 ],
    [ 844, 31 ],
    [ 845, 77 ],
    [ 846, 945 ],
    [ 847, 959 ],
    [ 848, 673 ],
    [ 849, 1691 ],
    [ 850, 235 ],
    [ 851, 33 ],
    [ 852, 43 ],
    [ 853, 59 ],
    [ 854, 525 ],
    [ 855, 635 ],
    [ 856, 147 ],
    [ 857, 135 ],
    [ 858, 385 ],
    [ 859, 53 ],
    [ 860, 1131 ],
    [ 861, 131 ],
    [ 862, 1815 ],
    [ 863, 1721 ],
    [ 864, 213 ],
    [ 865, 885 ],
    [ 866, 369 ],
    [ 867, 575 ],
    [ 868, 237 ],
    [ 869, 719 ],
    [ 870, 453 ],
    [ 871, 209 ],
    [ 872, 4395 ],
    [ 873, 275 ],
    [ 874, 837 ],
    [ 875, 809 ],
    [ 876, 1657 ],
    [ 877, 599 ],
    [ 878, 117 ],
    [ 879, 723 ],
    [ 880, 541 ],
    [ 881, 707 ],
    [ 882, 613 ],
    [ 883, 309 ],
    [ 884, 175 ],
    [ 885, 761 ],
    [ 886, 9 ],
    [ 887, 621 ],
    [ 888, 565 ],
    [ 889, 939 ],
    [ 890, 645 ],
    [ 891, 1739 ],
    [ 892, 1035 ],
    [ 893, 39 ],
    [ 894, 175 ],
    [ 895, 359 ],
    [ 896, 993 ],
    [ 897, 1167 ],
    [ 898, 153 ],
    [ 899, 719 ],
    [ 900, 693 ],
    [ 901, 1149 ],
    [ 902, 435 ],
    [ 903, 791 ],
    [ 904, 507 ],
    [ 905, 135 ],
    [ 906, 925 ],
    [ 907, 293 ],
    [ 908, 937 ],
    [ 909, 1101 ],
    [ 910, 39 ],
    [ 911, 21 ],
    [ 912, 261 ],
    [ 913, 1319 ],
    [ 914, 903 ],
    [ 915, 329 ],
    [ 916, 445 ],
    [ 917, 555 ],
    [ 918, 1027 ],
    [ 919, 713 ],
    [ 920, 847 ],
    [ 921, 345 ],
    [ 922, 219 ],
    [ 923, 105 ],
    [ 924, 165 ],
    [ 925, 1371 ],
    [ 926, 7 ],
    [ 927, 435 ],
    [ 928, 177 ],
    [ 929, 149 ],
    [ 930, 163 ],
    [ 931, 113 ],
    [ 932, 1231 ],
    [ 933, 347 ],
    [ 934, 63 ],
    [ 935, 41 ],
    [ 936, 1017 ],
    [ 937, 371 ],
    [ 938, 57 ],
    [ 939, 3083 ],
    [ 940, 471 ],
    [ 941, 69 ],
    [ 942, 165 ],
    [ 943, 981 ],
    [ 944, 657 ],
    [ 945, 201 ],
    [ 946, 427 ],
    [ 947, 1133 ],
    [ 948, 465 ],
    [ 949, 1179 ],
    [ 950, 133 ],
    [ 951, 513 ],
    [ 952, 267 ],
    [ 953, 1485 ],
    [ 954, 609 ],
    [ 955, 225 ],
    [ 956, 85 ],
    [ 957, 185 ],
    [ 958, 1057 ],
    [ 959, 233 ],
    [ 960, 1465 ],
    [ 961, 501 ],
    [ 962, 133 ],
    [ 963, 63 ],
    [ 964, 427 ],
    [ 965, 1029 ],
    [ 966, 1599 ],
    [ 967, 95 ],
    [ 968, 837 ],
    [ 969, 701 ],
    [ 970, 459 ],
    [ 971, 225 ],
    [ 972, 333 ],
    [ 973, 125 ],
    [ 974, 43 ],
    [ 975, 431 ],
    [ 976, 115 ],
    [ 977, 3351 ],
    [ 978, 37 ],
    [ 979, 69 ],
    [ 980, 475 ],
    [ 981, 429 ],
    [ 982, 87 ],
    [ 983, 249 ],
    [ 984, 403 ],
    [ 985, 77 ],
    [ 986, 2463 ],
    [ 987, 3449 ],
    [ 988, 807 ],
    [ 989, 239 ],
    [ 990, 1657 ],
    [ 991, 521 ],
    [ 992, 2431 ],
    [ 993, 921 ],
    [ 994, 169 ],
    [ 995, 515 ],
    [ 996, 403 ],
    [ 997, 21 ],
    [ 998, 2049 ],
    [ 999, 1239 ],
    [ 1000, 297 ],
    [ 1001, 27 ],
    [ 1002, 327 ],
    [ 1003, 419 ],
    [ 1004, 1141 ],
    [ 1005, 2007 ],
    [ 1006, 979 ],
    [ 1007, 2081 ],
    [ 1008, 763 ],
    [ 1009, 1577 ],
    [ 1010, 1729 ],
    [ 1011, 873 ],
    [ 1012, 267 ],
    [ 1013, 149 ],
    [ 1014, 205 ],
    [ 1015, 413 ],
    [ 1016, 285 ],
    [ 1017, 611 ],
    [ 1018, 583 ],
    [ 1019, 285 ],
    [ 1020, 393 ],
    [ 1021, 459 ],
    [ 1022, 1443 ],
    [ 1023, 1155 ],
    [ 1024, 643 ],
    [ 1025, 1481 ],
    [ 1026, 537 ],
    [ 1027, 855 ],
    [ 1028, 187 ],
    [ 1029, 639 ],
    [ 1030, 603 ],
    [ 1031, 23 ],
    [ 1032, 877 ],
    [ 1033, 227 ],
    [ 1034, 79 ],
    [ 1035, 3363 ],
    [ 1036, 2775 ],
    [ 1037, 39 ],
    [ 1038, 577 ],
    [ 1039, 23 ],
    [ 1040, 387 ],
    [ 1041, 1629 ],
    [ 1042, 1057 ],
    [ 1043, 1365 ],
    [ 1044, 2493 ],
    [ 1045, 3089 ],
    [ 1046, 2209 ],
    [ 1047, 803 ],
    [ 1048, 463 ],
    [ 1049, 47 ],
    [ 1050, 595 ],
    [ 1051, 1515 ],
    [ 1052, 1215 ],
    [ 1053, 215 ],
    [ 1054, 475 ],
    [ 1055, 51 ],
    [ 1056, 1123 ],
    [ 1057, 1529 ],
    [ 1058, 1657 ],
    [ 1059, 119 ],
    [ 1060, 295 ],
    [ 1061, 1479 ],
    [ 1062, 273 ],
    [ 1063, 521 ],
    [ 1064, 483 ],
    [ 1065, 149 ],
    [ 1066, 27 ],
    [ 1067, 999 ],
    [ 1068, 1215 ],
    [ 1069, 227 ],
    [ 1070, 163 ],
    [ 1071, 693 ],
    [ 1072, 1113 ],
    [ 1073, 567 ],
    [ 1074, 1215 ],
    [ 1075, 473 ],
    [ 1076, 531 ],
    [ 1077, 611 ],
    [ 1078, 207 ],
    [ 1079, 515 ],
    [ 1080, 451 ],
    [ 1081, 651 ],
    [ 1082, 225 ],
    [ 1083, 2543 ],
    [ 1084, 67 ],
    [ 1085, 981 ],
    [ 1086, 2313 ],
    [ 1087, 35 ],
    [ 1088, 1591 ],
    [ 1089, 407 ],
    [ 1090, 609 ],
    [ 1091, 1133 ],
    [ 1092, 93 ],
    [ 1093, 689 ],
    [ 1094, 2077 ],
    [ 1095, 225 ],
    [ 1096, 207 ],
    [ 1097, 119 ],
    [ 1098, 39 ],
    [ 1099, 1035 ],
    [ 1100, 2191 ],
    [ 1101, 485 ],
    [ 1102, 147 ],
    [ 1103, 203 ],
    [ 1104, 913 ],
    [ 1105, 2499 ],
    [ 1106, 565 ],
    [ 1107, 2271 ],
    [ 1108, 541 ],
    [ 1109, 777 ],
    [ 1110, 3 ],
    [ 1111, 1121 ],
    [ 1112, 313 ],
    [ 1113, 149 ],
    [ 1114, 927 ],
    [ 1115, 405 ],
    [ 1116, 297 ],
    [ 1117, 161 ],
    [ 1118, 537 ],
    [ 1119, 53 ],
    [ 1120, 73 ],
    [ 1121, 209 ],
    [ 1122, 1099 ],
    [ 1123, 1011 ],
    [ 1124, 495 ],
    [ 1125, 1367 ],
    [ 1126, 1053 ],
    [ 1127, 725 ],
    [ 1128, 145 ],
    [ 1129, 2307 ],
    [ 1130, 357 ],
    [ 1131, 305 ],
    [ 1132, 13 ],
    [ 1133, 327 ],
    [ 1134, 427 ],
    [ 1135, 443 ],
    [ 1136, 531 ],
    [ 1137, 1547 ],
    [ 1138, 1939 ],
    [ 1139, 1451 ],
    [ 1140, 333 ],
    [ 1141, 287 ],
    [ 1142, 97 ],
    [ 1143, 1779 ],
    [ 1144, 273 ],
    [ 1145, 35 ],
    [ 1146, 817 ],
    [ 1147, 513 ],
    [ 1148, 571 ],
    [ 1149, 95 ],
    [ 1150, 85 ],
    [ 1151, 635 ],
    [ 1152, 561 ],
    [ 1153, 125 ],
    [ 1154, 427 ],
    [ 1155, 95 ],
    [ 1156, 1483 ],
    [ 1157, 615 ],
    [ 1158, 243 ],
    [ 1159, 35 ],
    [ 1160, 63 ],
    [ 1161, 309 ],
    [ 1162, 423 ],
    [ 1163, 491 ],
    [ 1164, 807 ],
    [ 1165, 2555 ],
    [ 1166, 237 ],
    [ 1167, 2685 ],
    [ 1168, 597 ],
    [ 1169, 455 ],
    [ 1170, 397 ],
    [ 1171, 375 ],
    [ 1172, 3621 ],
    [ 1173, 855 ],
    [ 1174, 909 ],
    [ 1175, 821 ],
    [ 1176, 157 ],
    [ 1177, 861 ],
    [ 1178, 93 ],
    [ 1179, 173 ],
    [ 1180, 183 ],
    [ 1181, 455 ],
    [ 1182, 67 ],
    [ 1183, 309 ],
    [ 1184, 55 ],
    [ 1185, 819 ],
    [ 1186, 267 ],
    [ 1187, 431 ],
    [ 1188, 1467 ],
    [ 1189, 45 ],
    [ 1190, 7 ],
    [ 1191, 555 ],
    [ 1192, 31 ],
    [ 1193, 1085 ],
    [ 1194, 849 ],
    [ 1195, 203 ],
    [ 1196, 301 ],
    [ 1197, 921 ],
    [ 1198, 7 ],
    [ 1199, 2163 ],
    [ 1200, 1515 ],
    [ 1201, 611 ],
    [ 1202, 1927 ],
    [ 1203, 221 ],
    [ 1204, 351 ],
    [ 1205, 2205 ],
    [ 1206, 399 ],
    [ 1207, 95 ],
    [ 1208, 573 ],
    [ 1209, 105 ],
    [ 1210, 909 ],
    [ 1211, 203 ],
    [ 1212, 457 ],
    [ 1213, 629 ],
    [ 1214, 133 ],
    [ 1215, 269 ],
    [ 1216, 483 ],
    [ 1217, 315 ],
    [ 1218, 315 ],
    [ 1219, 1551 ],
    [ 1220, 561 ],
    [ 1221, 221 ],
    [ 1222, 2509 ],
    [ 1223, 743 ],
    [ 1224, 2905 ],
    [ 1225, 279 ],
    [ 1226, 75 ],
    [ 1227, 39 ],
    [ 1228, 2557 ],
    [ 1229, 389 ],
    [ 1230, 375 ],
    [ 1231, 1443 ],
    [ 1232, 141 ],
    [ 1233, 477 ],
    [ 1234, 805 ],
    [ 1235, 141 ],
    [ 1236, 1731 ],
    [ 1237, 41 ],
    [ 1238, 363 ],
    [ 1239, 543 ],
    [ 1240, 1123 ],
    [ 1241, 915 ],
    [ 1242, 4075 ],
    [ 1243, 221 ],
    [ 1244, 1045 ],
    [ 1245, 1029 ],
    [ 1246, 139 ],
    [ 1247, 491 ],
    [ 1248, 673 ],
    [ 1249, 251 ],
    [ 1250, 1447 ],
    [ 1251, 299 ],
    [ 1252, 2083 ],
    [ 1253, 3035 ],
    [ 1254, 73 ],
    [ 1255, 543 ],
    [ 1256, 307 ],
    [ 1257, 2265 ],
    [ 1258, 373 ],
    [ 1259, 749 ],
    [ 1260, 585 ],
    [ 1261, 255 ],
    [ 1262, 657 ],
    [ 1263, 51 ],
    [ 1264, 415 ],
    [ 1265, 687 ],
    [ 1266, 93 ],
    [ 1267, 1661 ],
    [ 1268, 531 ],
    [ 1269, 57 ],
    [ 1270, 1057 ],
    [ 1271, 2769 ],
    [ 1272, 745 ],
    [ 1273, 539 ],
    [ 1274, 153 ],
    [ 1275, 71 ],
    [ 1276, 315 ],
    [ 1277, 1535 ],
    [ 1278, 513 ],
    [ 1279, 2055 ],
    [ 1280, 1815 ],
    [ 1281, 2045 ],
    [ 1282, 1729 ],
    [ 1283, 2303 ],
    [ 1284, 81 ],
    [ 1285, 561 ],
    [ 1286, 397 ],
    [ 1287, 1509 ],
    [ 1288, 445 ],
    [ 1289, 1037 ],
    [ 1290, 225 ],
    [ 1291, 563 ],
    [ 1292, 531 ],
    [ 1293, 1199 ],
    [ 1294, 595 ],
    [ 1295, 645 ],
    [ 1296, 927 ],
    [ 1297, 4715 ],
    [ 1298, 2709 ],
    [ 1299, 81 ],
    [ 1300, 135 ],
    [ 1301, 11 ],
    [ 1302, 613 ],
    [ 1303, 351 ],
    [ 1304, 975 ],
    [ 1305, 1215 ],
    [ 1306, 99 ],
    [ 1307, 165 ],
    [ 1308, 873 ],
    [ 1309, 81 ],
    [ 1310, 705 ],
    [ 1311, 233 ],
    [ 1312, 1581 ],
    [ 1313, 359 ],
    [ 1314, 399 ],
    [ 1315, 633 ],
    [ 1316, 3451 ],
    [ 1317, 1415 ],
    [ 1318, 925 ],
    [ 1319, 183 ],
    [ 1320, 57 ],
    [ 1321, 561 ],
    [ 1322, 1065 ],
    [ 1323, 1271 ],
    [ 1324, 1057 ],
    [ 1325, 3009 ],
    [ 1326, 247 ],
    [ 1327, 1655 ],
    [ 1328, 253 ],
    [ 1329, 51 ],
    [ 1330, 1245 ],
    [ 1331, 609 ],
    [ 1332, 81 ],
    [ 1333, 5219 ],
    [ 1334, 2155 ],
    [ 1335, 413 ],
    [ 1336, 675 ],
    [ 1337, 3791 ],
    [ 1338, 717 ],
    [ 1339, 155 ],
    [ 1340, 85 ],
    [ 1341, 1619 ],
    [ 1342, 9 ],
    [ 1343, 1845 ],
    [ 1344, 2467 ],
    [ 1345, 917 ],
    [ 1346, 349 ],
    [ 1347, 555 ],
    [ 1348, 837 ],
    [ 1349, 39 ],
    [ 1350, 315 ],
    [ 1351, 1101 ],
    [ 1352, 141 ],
    [ 1353, 57 ],
    [ 1354, 847 ],
    [ 1355, 1551 ],
    [ 1356, 67 ],
    [ 1357, 471 ],
    [ 1358, 205 ],
    [ 1359, 515 ],
    [ 1360, 121 ],
    [ 1361, 249 ],
    [ 1362, 439 ],
    [ 1363, 143 ],
    [ 1364, 1797 ],
    [ 1365, 239 ],
    [ 1366, 787 ],
    [ 1367, 51 ],
    [ 1368, 595 ],
    [ 1369, 1245 ],
    [ 1370, 19 ],
    [ 1371, 435 ],
    [ 1372, 685 ],
    [ 1373, 1551 ],
    [ 1374, 87 ],
    [ 1375, 779 ],
    [ 1376, 133 ],
    [ 1377, 2915 ],
    [ 1378, 2727 ],
    [ 1379, 1485 ],
    [ 1380, 1863 ],
    [ 1381, 881 ],
    [ 1382, 265 ],
    [ 1383, 753 ],
    [ 1384, 133 ],
    [ 1385, 65 ],
    [ 1386, 2769 ],
    [ 1387, 429 ],
    [ 1388, 603 ],
    [ 1389, 1641 ],
    [ 1390, 253 ],
    [ 1391, 249 ],
    [ 1392, 361 ],
    [ 1393, 849 ],
    [ 1394, 267 ],
    [ 1395, 411 ],
    [ 1396, 1107 ],
    [ 1397, 1157 ],
    [ 1398, 2997 ],
    [ 1399, 213 ],
    [ 1400, 721 ],
    [ 1401, 239 ],
    [ 1402, 87 ],
    [ 1403, 9273 ],
    [ 1404, 4515 ],
    [ 1405, 59 ],
    [ 1406, 235 ],
    [ 1407, 995 ],
    [ 1408, 255 ],
    [ 1409, 495 ],
    [ 1410, 73 ],
    [ 1411, 155 ],
    [ 1412, 877 ],
    [ 1413, 455 ],
    [ 1414, 223 ],
    [ 1415, 989 ],
    [ 1416, 327 ],
    [ 1417, 669 ],
    [ 1418, 975 ],
    [ 1419, 2201 ],
    [ 1420, 891 ],
    [ 1421, 509 ],
    [ 1422, 739 ],
    [ 1423, 1109 ],
    [ 1424, 85 ],
    [ 1425, 297 ],
    [ 1426, 3147 ],
    [ 1427, 2165 ],
    [ 1428, 871 ],
    [ 1429, 435 ],
    [ 1430, 1639 ],
    [ 1431, 1013 ],
    [ 1432, 823 ],
    [ 1433, 347 ],
    [ 1434, 3483 ],
    [ 1435, 329 ],
    [ 1436, 547 ],
    [ 1437, 945 ],
    [ 1438, 469 ],
    [ 1439, 1965 ],
    [ 1440, 3307 ],
    [ 1441, 2405 ],
    [ 1442, 135 ],
    [ 1443, 693 ],
    [ 1444, 183 ],
    [ 1445, 1677 ],
    [ 1446, 655 ],
    [ 1447, 489 ],
    [ 1448, 427 ],
    [ 1449, 785 ],
    [ 1450, 535 ],
    [ 1451, 1341 ],
    [ 1452, 277 ],
    [ 1453, 185 ],
    [ 1454, 1825 ],
    [ 1455, 581 ],
    [ 1456, 303 ],
    [ 1457, 2205 ],
    [ 1458, 775 ],
    [ 1459, 1175 ],
    [ 1460, 267 ],
    [ 1461, 1449 ],
    [ 1462, 1567 ],
    [ 1463, 369 ],
    [ 1464, 261 ],
    [ 1465, 1067 ],
    [ 1466, 1485 ],
    [ 1467, 71 ],
    [ 1468, 1561 ],
    [ 1469, 957 ],
    [ 1470, 75 ],
    [ 1471, 1563 ],
    [ 1472, 231 ],
    [ 1473, 7047 ],
    [ 1474, 1939 ],
    [ 1475, 363 ],
    [ 1476, 201 ],
    [ 1477, 5015 ],
    [ 1478, 849 ],
    [ 1479, 255 ],
    [ 1480, 105 ],
    [ 1481, 1155 ],
    [ 1482, 33 ],
    [ 1483, 185 ],
    [ 1484, 907 ],
    [ 1485, 1899 ],
    [ 1486, 1933 ],
    [ 1487, 183 ],
    [ 1488, 297 ],
    [ 1489, 497 ],
    [ 1490, 453 ],
    [ 1491, 231 ],
    [ 1492, 331 ],
    [ 1493, 261 ],
    [ 1494, 255 ],
    [ 1495, 699 ],
    [ 1496, 27 ],
    [ 1497, 485 ],
    [ 1498, 213 ],
    [ 1499, 33 ],
    [ 1500, 1465 ],
    [ 1501, 51 ],
    [ 1502, 2227 ],
    [ 1503, 855 ],
    [ 1504, 1035 ],
    [ 1505, 581 ],
    [ 1506, 135 ],
    [ 1507, 71 ],
    [ 1508, 1047 ],
    [ 1509, 1397 ],
    [ 1510, 1617 ],
    [ 1511, 4461 ],
    [ 1512, 163 ],
    [ 1513, 1275 ],
    [ 1514, 249 ],
    [ 1515, 59 ],
    [ 1516, 655 ],
    [ 1517, 431 ],
    [ 1518, 295 ],
    [ 1519, 659 ],
    [ 1520, 187 ],
    [ 1521, 1697 ],
    [ 1522, 1369 ],
    [ 1523, 965 ],
    [ 1524, 1135 ],
    [ 1525, 5429 ],
    [ 1526, 847 ],
    [ 1527, 581 ],
    [ 1528, 865 ],
    [ 1529, 531 ],
    [ 1530, 255 ],
    [ 1531, 333 ],
    [ 1532, 351 ],
    [ 1533, 647 ],
    [ 1534, 265 ],
    [ 1535, 699 ],
    [ 1536, 75 ],
    [ 1537, 1541 ],
    [ 1538, 579 ],
    [ 1539, 779 ],
    [ 1540, 37 ],
    [ 1541, 221 ],
    [ 1542, 1803 ],
    [ 1543, 1803 ],
    [ 1544, 1791 ],
    [ 1545, 1881 ],
    [ 1546, 1899 ],
    [ 1547, 743 ],
    [ 1548, 453 ],
    [ 1549, 807 ],
    [ 1550, 385 ],
    [ 1551, 425 ],
    [ 1552, 1051 ],
    [ 1553, 39 ],
    [ 1554, 123 ],
    [ 1555, 11 ],
    [ 1556, 93 ],
    [ 1557, 1839 ],
    [ 1558, 1443 ],
    [ 1559, 729 ],
    [ 1560, 361 ],
    [ 1561, 561 ],
    [ 1562, 4489 ],
    [ 1563, 15 ],
    [ 1564, 1411 ],
    [ 1565, 149 ],
    [ 1566, 609 ],
    [ 1567, 1491 ],
    [ 1568, 141 ],
    [ 1569, 605 ],
    [ 1570, 69 ],
    [ 1571, 2679 ],
    [ 1572, 247 ],
    [ 1573, 1799 ],
    [ 1574, 309 ],
    [ 1575, 873 ],
    [ 1576, 457 ],
    [ 1577, 1131 ],
    [ 1578, 1489 ],
    [ 1579, 609 ],
    [ 1580, 2707 ],
    [ 1581, 221 ],
    [ 1582, 39 ],
    [ 1583, 413 ],
    [ 1584, 253 ],
    [ 1585, 4781 ],
    [ 1586, 2793 ],
    [ 1587, 693 ],
    [ 1588, 5461 ],
    [ 1589, 3651 ],
    [ 1590, 2725 ],
    [ 1591, 1959 ],
    [ 1592, 1287 ],
    [ 1593, 809 ],
    [ 1594, 427 ],
    [ 1595, 273 ],
    [ 1596, 1615 ],
    [ 1597, 489 ],
    [ 1598, 2823 ],
    [ 1599, 1775 ],
    [ 1600, 895 ],
    [ 1601, 221 ],
    [ 1602, 1447 ],
    [ 1603, 741 ],
    [ 1604, 51 ],
    [ 1605, 2315 ],
    [ 1606, 135 ],
    [ 1607, 3383 ],
    [ 1608, 1023 ],
    [ 1609, 785 ],
    [ 1610, 1947 ],
    [ 1611, 81 ],
    [ 1612, 393 ],
    [ 1613, 431 ],
    [ 1614, 879 ],
    [ 1615, 125 ],
    [ 1616, 21 ],
    [ 1617, 435 ],
    [ 1618, 247 ],
    [ 1619, 105 ],
    [ 1620, 315 ],
    [ 1621, 2241 ],
    [ 1622, 435 ],
    [ 1623, 609 ],
    [ 1624, 1107 ],
    [ 1625, 1215 ],
    [ 1626, 577 ],
    [ 1627, 1469 ],
    [ 1628, 2281 ],
    [ 1629, 2409 ],
    [ 1630, 385 ],
    [ 1631, 21 ],
    [ 1632, 505 ],
    [ 1633, 27 ],
    [ 1634, 3247 ],
    [ 1635, 803 ],
    [ 1636, 25 ],
    [ 1637, 1257 ],
    [ 1638, 1129 ],
    [ 1639, 81 ],
    [ 1640, 105 ],
    [ 1641, 3831 ],
    [ 1642, 1585 ],
    [ 1643, 1451 ],
    [ 1644, 561 ],
    [ 1645, 2235 ],
    [ 1646, 205 ],
    [ 1647, 21 ],
    [ 1648, 597 ],
    [ 1649, 785 ],
    [ 1650, 3703 ],
    [ 1651, 1121 ],
    [ 1652, 727 ],
    [ 1653, 717 ],
    [ 1654, 2295 ],
    [ 1655, 1581 ],
    [ 1656, 253 ],
    [ 1657, 197 ],
    [ 1658, 949 ],
    [ 1659, 501 ],
    [ 1660, 427 ],
    [ 1661, 11 ],
    [ 1662, 19 ],
    [ 1663, 1025 ],
    [ 1664, 117 ],
    [ 1665, 1955 ],
    [ 1666, 199 ],
    [ 1667, 491 ],
    [ 1668, 1111 ],
    [ 1669, 39 ],
    [ 1670, 757 ],
    [ 1671, 423 ],
    [ 1672, 757 ],
    [ 1673, 651 ],
    [ 1674, 757 ],
    [ 1675, 759 ],
    [ 1676, 2185 ],
    [ 1677, 161 ],
    [ 1678, 1179 ],
    [ 1679, 191 ],
    [ 1680, 2191 ],
    [ 1681, 2457 ],
    [ 1682, 499 ],
    [ 1683, 51 ],
    [ 1684, 627 ],
    [ 1685, 621 ],
    [ 1686, 5503 ],
    [ 1687, 2789 ],
    [ 1688, 1443 ],
    [ 1689, 1995 ],
    [ 1690, 415 ],
    [ 1691, 2259 ],
    [ 1692, 577 ],
    [ 1693, 1485 ],
    [ 1694, 1869 ],
    [ 1695, 1323 ],
    [ 1696, 993 ],
    [ 1697, 3639 ],
    [ 1698, 2683 ],
    [ 1699, 219 ],
    [ 1700, 1365 ],
    [ 1701, 731 ],
    [ 1702, 1995 ],
    [ 1703, 351 ],
    [ 1704, 3 ],
    [ 1705, 615 ],
    [ 1706, 1887 ],
    [ 1707, 149 ],
    [ 1708, 183 ],
    [ 1709, 1091 ],
    [ 1710, 1599 ],
    [ 1711, 2081 ],
    [ 1712, 1815 ],
    [ 1713, 225 ],
    [ 1714, 585 ],
    [ 1715, 263 ],
    [ 1716, 261 ],
    [ 1717, 9 ],
    [ 1718, 879 ],
    [ 1719, 1601 ],
    [ 1720, 57 ],
    [ 1721, 665 ],
    [ 1722, 19 ],
    [ 1723, 1305 ],
    [ 1724, 781 ],
    [ 1725, 549 ],
    [ 1726, 2893 ],
    [ 1727, 473 ],
    [ 1728, 465 ],
    [ 1729, 807 ],
    [ 1730, 2515 ],
    [ 1731, 501 ],
    [ 1732, 1017 ],
    [ 1733, 411 ],
    [ 1734, 93 ],
    [ 1735, 905 ],
    [ 1736, 223 ],
    [ 1737, 2717 ],
    [ 1738, 2697 ],
    [ 1739, 221 ],
    [ 1740, 73 ],
    [ 1741, 275 ],
    [ 1742, 1659 ],
    [ 1743, 2219 ],
    [ 1744, 1525 ],
    [ 1745, 879 ],
    [ 1746, 3697 ],
    [ 1747, 671 ],
    [ 1748, 427 ],
    [ 1749, 899 ],
    [ 1750, 1707 ],
    [ 1751, 719 ],
    [ 1752, 303 ],
    [ 1753, 65 ],
    [ 1754, 2169 ],
    [ 1755, 633 ],
    [ 1756, 837 ],
    [ 1757, 347 ],
    [ 1758, 757 ],
    [ 1759, 155 ],
    [ 1760, 2035 ],
    [ 1761, 1317 ],
    [ 1762, 723 ],
    [ 1763, 3245 ],
    [ 1764, 2103 ],
    [ 1765, 3605 ],
    [ 1766, 823 ],
    [ 1767, 425 ],
    [ 1768, 3135 ],
    [ 1769, 407 ],
    [ 1770, 393 ],
    [ 1771, 1073 ],
    [ 1772, 55 ],
    [ 1773, 417 ],
    [ 1774, 529 ],
    [ 1775, 449 ],
    [ 1776, 1005 ],
    [ 1777, 639 ],
    [ 1778, 1549 ],
    [ 1779, 303 ],
    [ 1780, 697 ],
    [ 1781, 1041 ],
    [ 1782, 1549 ],
    [ 1783, 539 ],
    [ 1784, 363 ],
    [ 1785, 597 ],
    [ 1786, 969 ],
    [ 1787, 4233 ],
    [ 1788, 1113 ],
    [ 1789, 1157 ],
    [ 1790, 133 ],
    [ 1791, 873 ],
    [ 1792, 277 ],
    [ 1793, 1755 ],
    [ 1794, 73 ],
    [ 1795, 2285 ],
    [ 1796, 2835 ],
    [ 1797, 1745 ],
    [ 1798, 3927 ],
    [ 1799, 953 ],
    [ 1800, 787 ],
    [ 1801, 555 ],
    [ 1802, 915 ],
    [ 1803, 21 ],
    [ 1804, 2565 ],
    [ 1805, 1517 ],
    [ 1806, 7 ],
    [ 1807, 2481 ],
    [ 1808, 103 ],
    [ 1809, 1899 ],
    [ 1810, 259 ],
    [ 1811, 1419 ],
    [ 1812, 115 ],
    [ 1813, 275 ],
    [ 1814, 1365 ],
    [ 1815, 1845 ],
    [ 1816, 2061 ],
    [ 1817, 651 ],
    [ 1818, 1233 ],
    [ 1819, 843 ],
    [ 1820, 663 ],
    [ 1821, 3081 ],
    [ 1822, 925 ],
    [ 1823, 431 ],
    [ 1824, 157 ],
    [ 1825, 567 ],
    [ 1826, 3537 ],
    [ 1827, 1703 ],
    [ 1828, 807 ],
    [ 1829, 569 ],
    [ 1830, 399 ],
    [ 1831, 1151 ],
    [ 1832, 471 ],
    [ 1833, 2549 ],
    [ 1834, 357 ],
    [ 1835, 2459 ],
    [ 1836, 777 ],
    [ 1837, 1211 ],
    [ 1838, 235 ],
    [ 1839, 683 ],
    [ 1840, 2145 ],
    [ 1841, 51 ],
    [ 1842, 669 ],
    [ 1843, 659 ],
    [ 1844, 1393 ],
    [ 1845, 35 ],
    [ 1846, 127 ],
    [ 1847, 713 ],
    [ 1848, 1627 ],
    [ 1849, 177 ],
    [ 1850, 1873 ],
    [ 1851, 605 ],
    [ 1852, 3331 ],
    [ 1853, 755 ],
    [ 1854, 283 ],
    [ 1855, 9 ],
    [ 1856, 421 ],
    [ 1857, 815 ],
    [ 1858, 2167 ],
    [ 1859, 2169 ],
    [ 1860, 735 ],
    [ 1861, 477 ],
    [ 1862, 649 ],
    [ 1863, 485 ],
    [ 1864, 1743 ],
    [ 1865, 245 ],
    [ 1866, 1219 ],
    [ 1867, 881 ],
    [ 1868, 951 ],
    [ 1869, 1335 ],
    [ 1870, 519 ],
    [ 1871, 491 ],
    [ 1872, 561 ],
    [ 1873, 1931 ],
    [ 1874, 1567 ],
    [ 1875, 561 ],
    [ 1876, 471 ],
    [ 1877, 1191 ],
    [ 1878, 1159 ],
    [ 1879, 1499 ],
    [ 1880, 343 ],
    [ 1881, 807 ],
    [ 1882, 127 ],
    [ 1883, 293 ],
    [ 1884, 1885 ],
    [ 1885, 407 ],
    [ 1886, 1423 ],
    [ 1887, 1353 ],
    [ 1888, 7 ],
    [ 1889, 2801 ],
    [ 1890, 1699 ],
    [ 1891, 681 ],
    [ 1892, 457 ],
    [ 1893, 365 ],
    [ 1894, 183 ],
    [ 1895, 819 ],
    [ 1896, 1173 ],
    [ 1897, 2729 ],
    [ 1898, 2137 ],
    [ 1899, 21 ],
    [ 1900, 115 ],
    [ 1901, 117 ],
    [ 1902, 2353 ],
    [ 1903, 6029 ],
    [ 1904, 453 ],
    [ 1905, 1515 ],
    [ 1906, 655 ],
    [ 1907, 1229 ],
    [ 1908, 927 ],
    [ 1909, 2037 ],
    [ 1910, 1927 ],
    [ 1911, 1473 ],
    [ 1912, 657 ],
    [ 1913, 1937 ],
    [ 1914, 477 ],
    [ 1915, 905 ],
    [ 1916, 357 ],
    [ 1917, 2087 ],
    [ 1918, 247 ],
    [ 1919, 141 ],
    [ 1920, 1515 ],
    [ 1921, 891 ],
    [ 1922, 937 ],
    [ 1923, 221 ],
    [ 1924, 525 ],
    [ 1925, 2189 ],
    [ 1926, 2713 ],
    [ 1927, 683 ],
    [ 1928, 1531 ],
    [ 1929, 1097 ],
    [ 1930, 717 ],
    [ 1931, 1349 ],
    [ 1932, 367 ],
    [ 1933, 207 ],
    [ 1934, 649 ],
    [ 1935, 693 ],
    [ 1936, 1285 ],
    [ 1937, 2619 ],
    [ 1938, 45 ],
    [ 1939, 5049 ],
    [ 1940, 315 ],
    [ 1941, 5811 ],
    [ 1942, 115 ],
    [ 1943, 965 ],
    [ 1944, 7933 ],
    [ 1945, 1887 ],
    [ 1946, 5109 ],
    [ 1947, 593 ],
    [ 1948, 507 ],
    [ 1949, 389 ],
    [ 1950, 93 ],
    [ 1951, 1235 ],
    [ 1952, 2725 ],
    [ 1953, 551 ],
    [ 1954, 849 ],
    [ 1955, 4221 ],
    [ 1956, 2005 ],
    [ 1957, 545 ],
    [ 1958, 169 ],
    [ 1959, 351 ],
    [ 1960, 2037 ],
    [ 1961, 131 ],
    [ 1962, 3999 ],
    [ 1963, 713 ],
    [ 1964, 847 ],
    [ 1965, 1011 ],
    [ 1966, 2467 ],
    [ 1967, 219 ],
    [ 1968, 2605 ],
    [ 1969, 815 ],
    [ 1970, 225 ],
    [ 1971, 1893 ],
    [ 1972, 331 ],
    [ 1973, 749 ],
    [ 1974, 1027 ],
    [ 1975, 2159 ],
    [ 1976, 571 ],
    [ 1977, 2471 ],
    [ 1978, 1365 ],
    [ 1979, 39 ],
    [ 1980, 2401 ],
    [ 1981, 1485 ],
    [ 1982, 1423 ],
    [ 1983, 381 ],
    [ 1984, 3681 ],
    [ 1985, 401 ],
    [ 1986, 1239 ],
    [ 1987, 185 ],
    [ 1988, 2701 ],
    [ 1989, 407 ],
    [ 1990, 3375 ],
    [ 1991, 665 ],
    [ 1992, 37 ],
    [ 1993, 189 ],
    [ 1994, 9919 ],
    [ 1995, 1283 ],
    [ 1996, 1833 ],
    [ 1997, 5091 ],
    [ 1998, 1627 ],
    [ 1999, 345 ],
    [ 2000, 841 ],
    [ 2001, 137 ],
    [ 2002, 2605 ],
    [ 2003, 533 ],
    [ 2004, 823 ],
    [ 2005, 27 ],
    [ 2006, 943 ],
    [ 2007, 1883 ],
    [ 2008, 3 ],
    [ 2009, 767 ],
    [ 2010, 1537 ],
    [ 2011, 573 ],
    [ 2012, 237 ],
    [ 2013, 2469 ],
    [ 2014, 925 ],
    [ 2015, 1245 ],
    [ 2016, 4167 ],
    [ 2017, 641 ],
    [ 2018, 2319 ],
    [ 2019, 231 ],
    [ 2020, 1813 ],
    [ 2021, 729 ],
    [ 2022, 1149 ],
    [ 2023, 239 ],
    [ 2024, 631 ],
    [ 2025, 717 ],
    [ 2026, 2197 ],
    [ 2027, 2813 ],
    [ 2028, 1683 ],
    [ 2029, 1185 ],
    [ 2030, 2533 ],
    [ 2031, 905 ],
    [ 2032, 225 ],
    [ 2033, 285 ],
    [ 2034, 1347 ],
    [ 2035, 461 ],
    [ 2036, 2515 ],
    [ 2037, 351 ],
    [ 2038, 4143 ],
    [ 2039, 33 ],
    [ 2040, 261 ],
    [ 2041, 3555 ],
    [ 2042, 187 ],
    [ 2043, 1545 ],
    [ 2044, 5257 ],
    [ 2045, 875 ],
    [ 2046, 4147 ],
    [ 2047, 1919 ],
    [ 2048, 981 ],
    [ 2049, 227 ],
    [ 2050, 1435 ],
    [ 2051, 33 ],
    [ 2052, 1003 ],
    [ 2053, 4299 ],
    [ 2054, 3133 ],
    [ 2055, 165 ],
    [ 2056, 1935 ],
    [ 2057, 1275 ],
    [ 2058, 2305 ],
    [ 2059, 813 ],
    [ 2060, 471 ],
    [ 2061, 4799 ],
    [ 2062, 795 ],
    [ 2063, 8163 ],
    [ 2064, 1225 ],
    [ 2065, 2127 ],
    [ 2066, 3133 ],
    [ 2067, 131 ],
    [ 2068, 3733 ],
    [ 2069, 509 ],
    [ 2070, 459 ],
    [ 2071, 1595 ],
    [ 2072, 1051 ],
    [ 2073, 501 ],
    [ 2074, 1365 ],
    [ 2075, 911 ],
    [ 2076, 2115 ],
    [ 2077, 2327 ],
    [ 2078, 4153 ],
    [ 2079, 3015 ],
    [ 2080, 961 ],
    [ 2081, 1161 ],
    [ 2082, 163 ],
    [ 2083, 609 ],
    [ 2084, 135 ],
    [ 2085, 1967 ],
    [ 2086, 637 ],
    [ 2087, 2829 ],
    [ 2088, 501 ],
    [ 2089, 935 ],
    [ 2090, 5377 ],
    [ 2091, 3699 ],
    [ 2092, 97 ],
    [ 2093, 921 ],
    [ 2094, 1803 ],
    [ 2095, 1401 ],
    [ 2096, 1015 ],
    [ 2097, 1305 ],
    [ 2098, 2145 ],
    [ 2099, 2913 ],
    [ 2100, 393 ],
    [ 2101, 3251 ],
    [ 2102, 1297 ],
    [ 2103, 149 ],
    [ 2104, 2293 ],
    [ 2105, 1181 ],
    [ 2106, 43 ],
    [ 2107, 611 ],
    [ 2108, 4027 ],
    [ 2109, 2237 ],
    [ 2110, 45 ],
    [ 2111, 1223 ],
    [ 2112, 817 ],
    [ 2113, 249 ],
    [ 2114, 1225 ],
    [ 2115, 789 ],
    [ 2116, 4005 ],
    [ 2117, 1451 ],
    [ 2118, 427 ],
    [ 2119, 2661 ],
    [ 2120, 231 ],
    [ 2121, 77 ],
    [ 2122, 307 ],
    [ 2123, 5259 ],
    [ 2124, 283 ],
    [ 2125, 6539 ],
    [ 2126, 573 ],
    [ 2127, 123 ],
    [ 2128, 3115 ],
    [ 2129, 1575 ],
    [ 2130, 2077 ],
    [ 2131, 263 ],
    [ 2132, 1945 ],
    [ 2133, 585 ],
    [ 2134, 1395 ],
    [ 2135, 2175 ],
    [ 2136, 1387 ],
    [ 2137, 71 ],
    [ 2138, 1323 ],
    [ 2139, 3 ],
    [ 2140, 765 ],
    [ 2141, 3789 ],
    [ 2142, 1909 ],
    [ 2143, 629 ],
    [ 2144, 165 ],
    [ 2145, 1751 ],
    [ 2146, 1227 ],
    [ 2147, 639 ],
    [ 2148, 1087 ],
    [ 2149, 161 ],
    [ 2150, 1009 ],
    [ 2151, 329 ],
    [ 2152, 1593 ],
    [ 2153, 791 ],
    [ 2154, 337 ],
    [ 2155, 1275 ],
    [ 2156, 271 ],
    [ 2157, 4539 ],
    [ 2158, 2149 ],
    [ 2159, 341 ],
    [ 2160, 1477 ],
    [ 2161, 135 ],
    [ 2162, 3453 ],
    [ 2163, 4331 ],
    [ 2164, 745 ],
    [ 2165, 2697 ],
    [ 2166, 67 ],
    [ 2167, 903 ],
    [ 2168, 127 ],
    [ 2169, 4589 ],
    [ 2170, 3415 ],
    [ 2171, 3609 ],
    [ 2172, 2077 ],
    [ 2173, 275 ],
    [ 2174, 69 ],
    [ 2175, 6521 ],
    [ 2176, 1987 ],
    [ 2177, 71 ],
    [ 2178, 847 ],
    [ 2179, 165 ],
    [ 2180, 117 ],
    [ 2181, 707 ],
    [ 2182, 295 ],
    [ 2183, 3623 ],
    [ 2184, 907 ],
    [ 2185, 1469 ],
    [ 2186, 163 ],
    [ 2187, 423 ],
    [ 2188, 2235 ],
    [ 2189, 1371 ],
    [ 2190, 1513 ],
    [ 2191, 3 ],
    [ 2192, 2575 ],
    [ 2193, 101 ],
    [ 2194, 403 ],
    [ 2195, 561 ],
    [ 2196, 567 ],
    [ 2197, 2087 ],
    [ 2198, 559 ],
    [ 2199, 435 ],
    [ 2200, 981 ],
    [ 2201, 419 ],
    [ 2202, 325 ],
    [ 2203, 695 ],
    [ 2204, 1023 ],
    [ 2205, 2405 ],
    [ 2206, 435 ],
    [ 2207, 2741 ],
    [ 2208, 133 ],
    [ 2209, 2001 ],
    [ 2210, 2395 ],
    [ 2211, 4029 ],
    [ 2212, 4773 ],
    [ 2213, 221 ],
    [ 2214, 5139 ],
    [ 2215, 1865 ],
    [ 2216, 505 ],
    [ 2217, 897 ],
    [ 2218, 909 ],
    [ 2219, 6381 ],
    [ 2220, 2095 ],
    [ 2221, 3245 ],
    [ 2222, 1867 ],
    [ 2223, 9125 ],
    [ 2224, 2367 ],
    [ 2225, 401 ],
    [ 2226, 379 ],
    [ 2227, 783 ],
    [ 2228, 6133 ],
    [ 2229, 3119 ],
    [ 2230, 1557 ],
    [ 2231, 411 ],
    [ 2232, 2415 ],
    [ 2233, 3597 ],
    [ 2234, 223 ],
    [ 2235, 725 ],
    [ 2236, 2281 ],
    [ 2237, 327 ],
    [ 2238, 1335 ],
    [ 2239, 1613 ],
    [ 2240, 1021 ],
    [ 2241, 1379 ],
    [ 2242, 1753 ],
    [ 2243, 1229 ],
    [ 2244, 1593 ],
    [ 2245, 2631 ],
    [ 2246, 427 ],
    [ 2247, 1101 ],
    [ 2248, 735 ],
    [ 2249, 2001 ],
    [ 2250, 613 ],
    [ 2251, 389 ],
    [ 2252, 655 ],
    [ 2253, 1437 ],
    [ 2254, 1129 ],
    [ 2255, 1041 ],
    [ 2256, 975 ],
    [ 2257, 837 ],
    [ 2258, 823 ],
    [ 2259, 515 ],
    [ 2260, 73 ],
    [ 2261, 7377 ],
    [ 2262, 2683 ],
    [ 2263, 1085 ],
    [ 2264, 1297 ],
    [ 2265, 561 ],
    [ 2266, 93 ],
    [ 2267, 1245 ],
    [ 2268, 6897 ],
    [ 2269, 1095 ],
    [ 2270, 3729 ],
    [ 2271, 225 ],
    [ 2272, 505 ],
    [ 2273, 609 ],
    [ 2274, 709 ],
    [ 2275, 785 ],
    [ 2276, 723 ],
    [ 2277, 4035 ],
    [ 2278, 577 ],
    [ 2279, 1665 ],
    [ 2280, 385 ],
    [ 2281, 309 ],
    [ 2282, 1315 ],
    [ 2283, 1689 ],
    [ 2284, 1785 ],
    [ 2285, 2697 ],
    [ 2286, 3447 ],
    [ 2287, 2489 ],
    [ 2288, 207 ],
    [ 2289, 3731 ],
    [ 2290, 2307 ],
    [ 2291, 2349 ],
    [ 2292, 93 ],
    [ 2293, 419 ],
    [ 2294, 79 ],
    [ 2295, 95 ],
    [ 2296, 573 ],
    [ 2297, 4859 ],
    [ 2298, 3439 ],
    [ 2299, 3573 ],
    [ 2300, 3795 ],
    [ 2301, 851 ],
    [ 2302, 345 ],
    [ 2303, 2811 ],
    [ 2304, 471 ],
    [ 2305, 4011 ],
    [ 2306, 267 ],
    [ 2307, 1295 ],
    [ 2308, 1231 ],
    [ 2309, 1547 ],
    [ 2310, 273 ],
    [ 2311, 83 ],
    [ 2312, 2683 ],
    [ 2313, 3629 ],
    [ 2314, 3313 ],
    [ 2315, 845 ],
    [ 2316, 423 ],
    [ 2317, 545 ],
    [ 2318, 1135 ],
    [ 2319, 53 ],
    [ 2320, 601 ],
    [ 2321, 869 ],
    [ 2322, 2389 ],
    [ 2323, 1931 ],
    [ 2324, 187 ],
    [ 2325, 821 ],
    [ 2326, 177 ],
    [ 2327, 3099 ],
    [ 2328, 1131 ],
    [ 2329, 2639 ],
    [ 2330, 715 ],
    [ 2331, 575 ],
    [ 2332, 4333 ],
    [ 2333, 10221 ],
    [ 2334, 577 ],
    [ 2335, 545 ],
    [ 2336, 345 ],
    [ 2337, 941 ],
    [ 2338, 1869 ],
    [ 2339, 1359 ],
    [ 2340, 2973 ],
    [ 2341, 1295 ],
    [ 2342, 7797 ],
    [ 2343, 99 ],
    [ 2344, 3951 ],
    [ 2345, 3119 ],
    [ 2346, 2139 ],
    [ 2347, 713 ],
    [ 2348, 1533 ],
    [ 2349, 675 ],
    [ 2350, 843 ],
    [ 2351, 2445 ],
    [ 2352, 2565 ],
    [ 2353, 3815 ],
    [ 2354, 463 ],
    [ 2355, 53 ],
    [ 2356, 427 ],
    [ 2357, 5655 ],
    [ 2358, 1155 ],
    [ 2359, 1425 ],
    [ 2360, 141 ],
    [ 2361, 3645 ],
    [ 2362, 2947 ],
    [ 2363, 545 ],
    [ 2364, 625 ],
    [ 2365, 2009 ],
    [ 2366, 1743 ],
    [ 2367, 3 ],
    [ 2368, 505 ],
    [ 2369, 359 ],
    [ 2370, 3 ],
    [ 2371, 623 ],
    [ 2372, 657 ],
    [ 2373, 1845 ],
    [ 2374, 703 ],
    [ 2375, 1041 ],
    [ 2376, 1075 ],
    [ 2377, 249 ],
    [ 2378, 169 ],
    [ 2379, 4869 ],
    [ 2380, 217 ],
    [ 2381, 1239 ],
    [ 2382, 1053 ],
    [ 2383, 975 ],
    [ 2384, 3453 ],
    [ 2385, 341 ],
    [ 2386, 337 ],
    [ 2387, 429 ],
    [ 2388, 847 ],
    [ 2389, 4059 ],
    [ 2390, 3687 ],
    [ 2391, 611 ],
    [ 2392, 357 ],
    [ 2393, 1887 ],
    [ 2394, 9 ],
    [ 2395, 279 ],
    [ 2396, 895 ],
    [ 2397, 1431 ],
    [ 2398, 1465 ],
    [ 2399, 629 ],
    [ 2400, 255 ],
    [ 2401, 1667 ],
    [ 2402, 207 ],
    [ 2403, 99 ],
    [ 2404, 1281 ],
    [ 2405, 1815 ],
    [ 2406, 2467 ],
    [ 2407, 443 ],
    [ 2408, 93 ],
    [ 2409, 1029 ],
    [ 2410, 1285 ],
    [ 2411, 1365 ],
    [ 2412, 2181 ],
    [ 2413, 1397 ],
    [ 2414, 993 ],
    [ 2415, 711 ],
    [ 2416, 1933 ],
    [ 2417, 921 ],
    [ 2418, 375 ],
    [ 2419, 1043 ],
    [ 2420, 4383 ],
    [ 2421, 605 ],
    [ 2422, 4123 ],
    [ 2423, 1029 ],
    [ 2424, 213 ],
    [ 2425, 251 ],
    [ 2426, 2727 ],
    [ 2427, 261 ],
    [ 2428, 133 ],
    [ 2429, 1427 ],
    [ 2430, 627 ],
    [ 2431, 2765 ],
    [ 2432, 907 ],
    [ 2433, 171 ],
    [ 2434, 43 ],
    [ 2435, 1581 ],
    [ 2436, 393 ],
    [ 2437, 255 ],
    [ 2438, 963 ],
    [ 2439, 483 ],
    [ 2440, 1137 ],
    [ 2441, 2301 ],
    [ 2442, 99 ],
    [ 2443, 801 ],
    [ 2444, 253 ],
    [ 2445, 3515 ],
    [ 2446, 139 ],
    [ 2447, 2769 ],
    [ 2448, 45 ],
    [ 2449, 4025 ],
    [ 2450, 1005 ],
    [ 2451, 2775 ],
    [ 2452, 4861 ],
    [ 2453, 141 ],
    [ 2454, 2973 ],
    [ 2455, 83 ],
    [ 2456, 1623 ],
    [ 2457, 639 ],
    [ 2458, 1513 ],
    [ 2459, 65 ],
    [ 2460, 933 ],
    [ 2461, 1425 ],
    [ 2462, 1017 ],
    [ 2463, 2721 ],
    [ 2464, 3061 ],
    [ 2465, 1965 ],
    [ 2466, 1233 ],
    [ 2467, 1785 ],
    [ 2468, 4531 ],
    [ 2469, 551 ],
    [ 2470, 67 ],
    [ 2471, 599 ],
    [ 2472, 147 ],
    [ 2473, 2405 ],
    [ 2474, 5359 ],
    [ 2475, 389 ],
    [ 2476, 331 ],
    [ 2477, 567 ],
    [ 2478, 1429 ],
    [ 2479, 63 ],
    [ 2480, 387 ],
    [ 2481, 369 ],
    [ 2482, 2925 ],
    [ 2483, 8925 ],
    [ 2484, 423 ],
    [ 2485, 81 ],
    [ 2486, 567 ],
    [ 2487, 261 ],
    [ 2488, 3735 ],
    [ 2489, 209 ],
    [ 2490, 399 ],
    [ 2491, 1253 ],
    [ 2492, 2325 ],
    [ 2493, 1571 ],
    [ 2494, 889 ],
    [ 2495, 2909 ],
    [ 2496, 3165 ],
    [ 2497, 1791 ],
    [ 2498, 559 ],
    [ 2499, 1395 ],
    [ 2500, 301 ],
    [ 2501, 2225 ],
    [ 2502, 243 ],
    [ 2503, 2543 ],
    [ 2504, 393 ],
    [ 2505, 659 ],
    [ 2506, 4623 ],
    [ 2507, 261 ],
    [ 2508, 927 ],
    [ 2509, 39 ],
    [ 2510, 2847 ],
    [ 2511, 6903 ],
    [ 2512, 511 ],
    [ 2513, 2297 ],
    [ 2514, 10483 ],
    [ 2515, 8039 ],
    [ 2516, 10401 ],
    [ 2517, 2265 ],
    [ 2518, 477 ],
    [ 2519, 95 ],
    [ 2520, 663 ],
    [ 2521, 6791 ],
    [ 2522, 1423 ],
    [ 2523, 423 ],
    [ 2524, 2355 ],
    [ 2525, 1979 ],
    [ 2526, 8599 ],
    [ 2527, 5105 ],
    [ 2528, 1287 ],
    [ 2529, 569 ],
    [ 2530, 949 ],
    [ 2531, 1785 ],
    [ 2532, 2805 ],
    [ 2533, 1215 ],
    [ 2534, 427 ],
    [ 2535, 1001 ],
    [ 2536, 177 ],
    [ 2537, 705 ],
    [ 2538, 2425 ],
    [ 2539, 209 ],
    [ 2540, 663 ],
    [ 2541, 2321 ],
    [ 2542, 639 ],
    [ 2543, 29 ],
    [ 2544, 2511 ],
    [ 2545, 659 ],
    [ 2546, 1009 ],
    [ 2547, 4193 ],
    [ 2548, 223 ],
    [ 2549, 1191 ],
    [ 2550, 2073 ],
    [ 2551, 1665 ],
    [ 2552, 933 ],
    [ 2553, 129 ],
    [ 2554, 2143 ],
    [ 2555, 3605 ],
    [ 2556, 175 ],
    [ 2557, 2621 ],
    [ 2558, 903 ],
    [ 2559, 2283 ],
    [ 2560, 903 ],
    [ 2561, 1611 ],
    [ 2562, 817 ],
    [ 2563, 1775 ],
    [ 2564, 777 ],
    [ 2565, 581 ],
    [ 2566, 1065 ],
    [ 2567, 309 ],
    [ 2568, 157 ],
    [ 2569, 471 ],
    [ 2570, 553 ],
    [ 2571, 929 ],
    [ 2572, 367 ],
    [ 2573, 879 ],
    [ 2574, 43 ],
    [ 2575, 471 ],
    [ 2576, 3141 ],
    [ 2577, 401 ],
    [ 2578, 669 ],
    [ 2579, 2643 ],
    [ 2580, 3567 ],
    [ 2581, 3195 ],
    [ 2582, 1743 ],
    [ 2583, 275 ],
    [ 2584, 1477 ],
    [ 2585, 719 ],
    [ 2586, 2635 ],
    [ 2587, 4991 ],
    [ 2588, 1731 ],
    [ 2589, 3741 ],
    [ 2590, 1179 ],
    [ 2591, 923 ],
    [ 2592, 225 ],
    [ 2593, 2045 ],
    [ 2594, 1209 ],
    [ 2595, 2469 ],
    [ 2596, 1197 ],
    [ 2597, 485 ],
    [ 2598, 2667 ],
    [ 2599, 1535 ],
    [ 2600, 1813 ],
    [ 2601, 1101 ],
    [ 2602, 3159 ],
    [ 2603, 39 ],
    [ 2604, 3481 ],
    [ 2605, 2249 ],
    [ 2606, 375 ],
    [ 2607, 333 ],
    [ 2608, 807 ],
    [ 2609, 569 ],
    [ 2610, 4527 ],
    [ 2611, 855 ],
    [ 2612, 265 ],
    [ 2613, 59 ],
    [ 2614, 823 ],
    [ 2615, 4503 ],
    [ 2616, 37 ],
    [ 2617, 197 ],
    [ 2618, 433 ],
    [ 2619, 165 ],
    [ 2620, 147 ],
    [ 2621, 1587 ],
    [ 2622, 247 ],
    [ 2623, 1911 ],
    [ 2624, 1873 ],
    [ 2625, 1589 ],
    [ 2626, 589 ],
    [ 2627, 971 ],
    [ 2628, 2485 ],
    [ 2629, 497 ],
    [ 2630, 235 ],
    [ 2631, 3245 ],
    [ 2632, 445 ],
    [ 2633, 1275 ],
    [ 2634, 1599 ],
    [ 2635, 239 ],
    [ 2636, 2205 ],
    [ 2637, 1089 ],
    [ 2638, 1525 ],
    [ 2639, 765 ],
    [ 2640, 1051 ],
    [ 2641, 237 ],
    [ 2642, 1047 ],
    [ 2643, 1145 ],
    [ 2644, 867 ],
    [ 2645, 431 ],
    [ 2646, 1885 ],
    [ 2647, 713 ],
    [ 2648, 7 ],
    [ 2649, 317 ],
    [ 2650, 1087 ],
    [ 2651, 263 ],
    [ 2652, 703 ],
    [ 2653, 2771 ],
    [ 2654, 2563 ],
    [ 2655, 1935 ],
    [ 2656, 1515 ],
    [ 2657, 777 ],
    [ 2658, 4237 ],
    [ 2659, 935 ],
    [ 2660, 1771 ],
    [ 2661, 2901 ],
    [ 2662, 3067 ],
    [ 2663, 2549 ],
    [ 2664, 507 ],
    [ 2665, 315 ],
    [ 2666, 1029 ],
    [ 2667, 95 ],
    [ 2668, 1653 ],
    [ 2669, 2099 ],
    [ 2670, 3249 ],
    [ 2671, 543 ],
    [ 2672, 6171 ],
    [ 2673, 101 ],
    [ 2674, 283 ],
    [ 2675, 873 ],
    [ 2676, 3481 ],
    [ 2677, 3041 ],
    [ 2678, 1965 ],
    [ 2679, 4065 ],
    [ 2680, 5203 ],
    [ 2681, 6369 ],
    [ 2682, 409 ],
    [ 2683, 2675 ],
    [ 2684, 265 ],
    [ 2685, 3119 ],
    [ 2686, 4167 ],
    [ 2687, 683 ],
    [ 2688, 561 ],
    [ 2689, 3689 ],
    [ 2690, 75 ],
    [ 2691, 695 ],
    [ 2692, 1773 ],
    [ 2693, 4769 ],
    [ 2694, 1663 ],
    [ 2695, 2339 ],
    [ 2696, 3283 ],
    [ 2697, 317 ],
    [ 2698, 10803 ],
    [ 2699, 219 ],
    [ 2700, 2745 ],
    [ 2701, 731 ],
    [ 2702, 2893 ],
    [ 2703, 401 ],
    [ 2704, 163 ],
    [ 2705, 1691 ],
    [ 2706, 5917 ],
    [ 2707, 4649 ],
    [ 2708, 543 ],
    [ 2709, 1755 ],
    [ 2710, 9 ],
    [ 2711, 1863 ],
    [ 2712, 1197 ],
    [ 2713, 189 ],
    [ 2714, 403 ],
    [ 2715, 1769 ],
    [ 2716, 1261 ],
    [ 2717, 179 ],
    [ 2718, 609 ],
    [ 2719, 95 ],
    [ 2720, 1761 ],
    [ 2721, 495 ],
    [ 2722, 4159 ],
    [ 2723, 8031 ],
    [ 2724, 6367 ],
    [ 2725, 519 ],
    [ 2726, 697 ],
    [ 2727, 6905 ],
    [ 2728, 123 ],
    [ 2729, 429 ],
    [ 2730, 1467 ],
    [ 2731, 4445 ],
    [ 2732, 463 ],
    [ 2733, 441 ],
    [ 2734, 1035 ],
    [ 2735, 329 ],
    [ 2736, 837 ],
    [ 2737, 3761 ],
    [ 2738, 859 ],
    [ 2739, 81 ],
    [ 2740, 721 ],
    [ 2741, 411 ],
    [ 2742, 3609 ],
    [ 2743, 35 ],
    [ 2744, 873 ],
    [ 2745, 5409 ],
    [ 2746, 2527 ],
    [ 2747, 3705 ],
    [ 2748, 541 ],
    [ 2749, 8355 ],
    [ 2750, 267 ],
    [ 2751, 1743 ],
    [ 2752, 6261 ],
    [ 2753, 159 ],
    [ 2754, 2205 ],
    [ 2755, 2051 ],
    [ 2756, 133 ],
    [ 2757, 2319 ],
    [ 2758, 1399 ],
    [ 2759, 2253 ],
    [ 2760, 1395 ],
    [ 2761, 2087 ],
    [ 2762, 2599 ],
    [ 2763, 149 ],
    [ 2764, 1341 ],
    [ 2765, 7259 ],
    [ 2766, 465 ],
    [ 2767, 1383 ],
    [ 2768, 3211 ],
    [ 2769, 441 ],
    [ 2770, 1015 ],
    [ 2771, 375 ],
    [ 2772, 15 ],
    [ 2773, 881 ],
    [ 2774, 447 ],
    [ 2775, 693 ],
    [ 2776, 1585 ],
    [ 2777, 417 ],
    [ 2778, 1887 ],
    [ 2779, 1203 ],
    [ 2780, 583 ],
    [ 2781, 5577 ],
    [ 2782, 1593 ],
    [ 2783, 2675 ],
    [ 2784, 2025 ],
    [ 2785, 1751 ],
    [ 2786, 1315 ],
    [ 2787, 1229 ],
    [ 2788, 553 ],
    [ 2789, 1485 ],
    [ 2790, 3045 ],
    [ 2791, 1311 ],
    [ 2792, 2203 ],
    [ 2793, 537 ],
    [ 2794, 2803 ],
    [ 2795, 1281 ],
    [ 2796, 1383 ],
    [ 2797, 3081 ],
    [ 2798, 2515 ],
    [ 2799, 3651 ],
    [ 2800, 2823 ],
    [ 2801, 749 ],
    [ 2802, 4485 ],
    [ 2803, 725 ],
    [ 2804, 2575 ],
    [ 2805, 429 ],
    [ 2806, 567 ],
    [ 2807, 783 ],
    [ 2808, 1677 ],
    [ 2809, 4521 ],
    [ 2810, 19 ],
    [ 2811, 4161 ],
    [ 2812, 1053 ],
    [ 2813, 621 ],
    [ 2814, 513 ],
    [ 2815, 4125 ],
    [ 2816, 1833 ],
    [ 2817, 57 ],
    [ 2818, 577 ],
    [ 2819, 393 ],
    [ 2820, 3927 ],
    [ 2821, 4161 ],
    [ 2822, 1219 ],
    [ 2823, 8103 ],
    [ 2824, 513 ],
    [ 2825, 3989 ],
    [ 2826, 945 ],
    [ 2827, 1875 ],
    [ 2828, 193 ],
    [ 2829, 207 ],
    [ 2830, 129 ],
    [ 2831, 275 ],
    [ 2832, 1191 ],
    [ 2833, 1625 ],
    [ 2834, 1723 ],
    [ 2835, 1311 ],
    [ 2836, 417 ],
    [ 2837, 7449 ],
    [ 2838, 439 ],
    [ 2839, 1119 ],
    [ 2840, 273 ],
    [ 2841, 435 ],
    [ 2842, 2103 ],
    [ 2843, 4109 ],
    [ 2844, 1485 ],
    [ 2845, 827 ],
    [ 2846, 63 ],
    [ 2847, 5313 ],
    [ 2848, 25 ],
    [ 2849, 1755 ],
    [ 2850, 543 ],
    [ 2851, 3663 ],
    [ 2852, 2433 ],
    [ 2853, 995 ],
    [ 2854, 1945 ],
    [ 2855, 1785 ],
    [ 2856, 1153 ],
    [ 2857, 6737 ],
    [ 2858, 1477 ],
    [ 2859, 641 ],
    [ 2860, 3193 ],
    [ 2861, 6027 ],
    [ 2862, 819 ],
    [ 2863, 1595 ],
    [ 2864, 27 ],
    [ 2865, 141 ],
    [ 2866, 3265 ],
    [ 2867, 2613 ],
    [ 2868, 10941 ],
    [ 2869, 671 ],
    [ 2870, 3969 ],
    [ 2871, 149 ],
    [ 2872, 2397 ],
    [ 2873, 57 ],
    [ 2874, 16245 ],
    [ 2875, 4589 ],
    [ 2876, 1593 ],
    [ 2877, 435 ],
    [ 2878, 1525 ],
    [ 2879, 593 ],
    [ 2880, 261 ],
    [ 2881, 659 ],
    [ 2882, 963 ],
    [ 2883, 341 ],
    [ 2884, 675 ],
    [ 2885, 1751 ],
    [ 2886, 8727 ],
    [ 2887, 1845 ],
    [ 2888, 1797 ],
    [ 2889, 2237 ],
    [ 2890, 2337 ],
    [ 2891, 1169 ],
    [ 2892, 6391 ],
    [ 2893, 335 ],
    [ 2894, 69 ],
    [ 2895, 3231 ],
    [ 2896, 5715 ],
    [ 2897, 8051 ],
    [ 2898, 2095 ],
    [ 2899, 443 ],
    [ 2900, 1365 ],
    [ 2901, 747 ],
    [ 2902, 2583 ],
    [ 2903, 1815 ],
    [ 2904, 1773 ],
    [ 2905, 951 ],
    [ 2906, 1897 ],
    [ 2907, 3635 ],
    [ 2908, 3235 ],
    [ 2909, 2237 ],
    [ 2910, 1555 ],
    [ 2911, 3599 ],
    [ 2912, 37 ],
    [ 2913, 189 ],
    [ 2914, 1497 ],
    [ 2915, 251 ],
    [ 2916, 85 ],
    [ 2917, 605 ],
    [ 2918, 5817 ],
    [ 2919, 521 ],
    [ 2920, 1633 ],
    [ 2921, 701 ],
    [ 2922, 973 ],
    [ 2923, 521 ],
    [ 2924, 1345 ],
    [ 2925, 239 ],
    [ 2926, 993 ],
    [ 2927, 5565 ],
    [ 2928, 2455 ],
    [ 2929, 417 ],
    [ 2930, 1279 ],
    [ 2931, 611 ],
    [ 2932, 921 ],
    [ 2933, 5555 ],
    [ 2934, 2047 ],
    [ 2935, 843 ],
    [ 2936, 3015 ],
    [ 2937, 2795 ],
    [ 2938, 325 ],
    [ 2939, 1395 ],
    [ 2940, 523 ],
    [ 2941, 459 ],
    [ 2942, 2419 ],
    [ 2943, 2223 ],
    [ 2944, 393 ],
    [ 2945, 3185 ],
    [ 2946, 577 ],
    [ 2947, 1563 ],
    [ 2948, 3591 ],
    [ 2949, 641 ],
    [ 2950, 6793 ],
    [ 2951, 2655 ],
    [ 2952, 5071 ],
    [ 2953, 3315 ],
    [ 2954, 3927 ],
    [ 2955, 1865 ],
    [ 2956, 867 ],
    [ 2957, 1331 ],
    [ 2958, 759 ],
    [ 2959, 2709 ],
    [ 2960, 1695 ],
    [ 2961, 1437 ],
    [ 2962, 405 ],
    [ 2963, 2655 ],
    [ 2964, 3385 ],
    [ 2965, 2109 ],
    [ 2966, 67 ],
    [ 2967, 5645 ],
    [ 2968, 6247 ],
    [ 2969, 1019 ],
    [ 2970, 369 ],
    [ 2971, 1589 ],
    [ 2972, 4323 ],
    [ 2973, 249 ],
    [ 2974, 417 ],
    [ 2975, 4293 ],
    [ 2976, 763 ],
    [ 2977, 759 ],
    [ 2978, 193 ],
    [ 2979, 6699 ],
    [ 2980, 1197 ],
    [ 2981, 4787 ],
    [ 2982, 567 ],
    [ 2983, 303 ],
    [ 2984, 505 ],
    [ 2985, 4539 ],
    [ 2986, 3333 ],
    [ 2987, 2825 ],
    [ 2988, 2457 ],
    [ 2989, 3021 ],
    [ 2990, 3247 ],
    [ 2991, 1709 ],
    [ 2992, 2577 ],
    [ 2993, 1289 ],
    [ 2994, 1113 ],
    [ 2995, 2621 ],
    [ 2996, 163 ],
    [ 2997, 2345 ],
    [ 2998, 1767 ],
    [ 2999, 233 ],
    [ 3000, 3993 ],
    [ 3001, 309 ],
    [ 3002, 8503 ],
    [ 3003, 3525 ],
    [ 3004, 141 ],
    [ 3005, 1185 ],
    [ 3006, 6055 ],
    [ 3007, 2465 ],
    [ 3008, 4365 ],
    [ 3009, 7539 ],
    [ 3010, 5799 ],
    [ 3011, 10329 ],
    [ 3012, 1407 ],
    [ 3013, 279 ],
    [ 3014, 3379 ],
    [ 3015, 1463 ],
    [ 3016, 1735 ],
    [ 3017, 135 ],
    [ 3018, 435 ],
    [ 3019, 3711 ],
    [ 3020, 2613 ],
    [ 3021, 3915 ],
    [ 3022, 115 ],
    [ 3023, 2433 ],
    [ 3024, 1323 ],
    [ 3025, 809 ],
    [ 3026, 5845 ],
    [ 3027, 1991 ],
    [ 3028, 4483 ],
    [ 3029, 2829 ],
    [ 3030, 567 ],
    [ 3031, 903 ],
    [ 3032, 3273 ],
    [ 3033, 5939 ],
    [ 3034, 979 ],
    [ 3035, 561 ],
    [ 3036, 907 ],
    [ 3037, 1367 ],
    [ 3038, 573 ],
    [ 3039, 905 ],
    [ 3040, 6801 ],
    [ 3041, 147 ],
    [ 3042, 2247 ],
    [ 3043, 1073 ],
    [ 3044, 3561 ],
    [ 3045, 935 ],
    [ 3046, 357 ],
    [ 3047, 1769 ],
    [ 3048, 925 ],
    [ 3049, 1887 ],
    [ 3050, 907 ],
    [ 3051, 12689 ],
    [ 3052, 2695 ],
    [ 3053, 2469 ],
    [ 3054, 817 ],
    [ 3055, 4395 ],
    [ 3056, 817 ],
    [ 3057, 1937 ],
    [ 3058, 5947 ],
    [ 3059, 923 ],
    [ 3060, 5307 ],
    [ 3061, 555 ],
    [ 3062, 187 ],
    [ 3063, 275 ],
    [ 3064, 553 ],
    [ 3065, 1955 ],
    [ 3066, 177 ],
    [ 3067, 329 ],
    [ 3068, 127 ],
    [ 3069, 2417 ],
    [ 3070, 195 ],
    [ 3071, 2291 ],
    [ 3072, 813 ],
    [ 3073, 1151 ],
    [ 3074, 309 ],
    [ 3075, 1191 ],
    [ 3076, 643 ],
    [ 3077, 2475 ],
    [ 3078, 453 ],
    [ 3079, 771 ],
    [ 3080, 627 ],
    [ 3081, 77 ],
    [ 3082, 1617 ],
    [ 3083, 449 ],
    [ 3084, 1783 ],
    [ 3085, 2099 ],
    [ 3086, 5595 ],
    [ 3087, 7203 ],
    [ 3088, 183 ],
    [ 3089, 597 ],
    [ 3090, 4275 ],
    [ 3091, 2051 ],
    [ 3092, 595 ],
    [ 3093, 1065 ],
    [ 3094, 5007 ],
    [ 3095, 989 ],
    [ 3096, 2713 ],
    [ 3097, 7865 ],
    [ 3098, 9015 ],
    [ 3099, 3839 ],
    [ 3100, 487 ],
    [ 3101, 2307 ],
    [ 3102, 85 ],
    [ 3103, 6663 ],
    [ 3104, 607 ],
    [ 3105, 821 ],
    [ 3106, 3187 ],
    [ 3107, 6479 ],
    [ 3108, 5845 ],
    [ 3109, 6041 ],
    [ 3110, 1057 ],
    [ 3111, 2763 ],
    [ 3112, 21 ],
    [ 3113, 855 ],
    [ 3114, 11557 ],
    [ 3115, 135 ],
    [ 3116, 1615 ],
    [ 3117, 897 ],
    [ 3118, 553 ],
    [ 3119, 723 ],
    [ 3120, 3465 ],
    [ 3121, 857 ],
    [ 3122, 2745 ],
    [ 3123, 6893 ],
    [ 3124, 1533 ],
    [ 3125, 219 ],
    [ 3126, 3007 ],
    [ 3127, 2145 ],
    [ 3128, 841 ],
    [ 3129, 305 ],
    [ 3130, 1513 ],
    [ 3131, 663 ],
    [ 3132, 2395 ],
    [ 3133, 759 ],
    [ 3134, 583 ],
    [ 3135, 725 ],
    [ 3136, 1233 ],
    [ 3137, 1349 ],
    [ 3138, 2035 ],
    [ 3139, 3051 ],
    [ 3140, 1345 ],
    [ 3141, 791 ],
    [ 3142, 1593 ],
    [ 3143, 831 ],
    [ 3144, 2385 ],
    [ 3145, 8675 ],
    [ 3146, 2343 ],
    [ 3147, 12255 ],
    [ 3148, 1183 ],
    [ 3149, 1367 ],
    [ 3150, 2895 ],
    [ 3151, 5721 ],
    [ 3152, 1533 ],
    [ 3153, 591 ],
    [ 3154, 249 ],
    [ 3155, 3071 ],
    [ 3156, 907 ],
    [ 3157, 2279 ],
    [ 3158, 1437 ],
    [ 3159, 521 ],
    [ 3160, 2251 ],
    [ 3161, 1491 ],
    [ 3162, 2065 ],
    [ 3163, 3209 ],
    [ 3164, 1737 ],
    [ 3165, 161 ],
    [ 3166, 1015 ],
    [ 3167, 2141 ],
    [ 3168, 2403 ],
    [ 3169, 309 ],
    [ 3170, 1293 ],
    [ 3171, 435 ],
    [ 3172, 793 ],
    [ 3173, 6255 ],
    [ 3174, 819 ],
    [ 3175, 3783 ],
    [ 3176, 2995 ],
    [ 3177, 3831 ],
    [ 3178, 2319 ],
    [ 3179, 1175 ],
    [ 3180, 1855 ],
    [ 3181, 1119 ],
    [ 3182, 2883 ],
    [ 3183, 1751 ],
    [ 3184, 4557 ],
    [ 3185, 3291 ],
    [ 3186, 2935 ],
    [ 3187, 731 ],
    [ 3188, 4443 ],
    [ 3189, 1019 ],
    [ 3190, 265 ],
    [ 3191, 425 ],
    [ 3192, 1345 ],
    [ 3193, 4671 ],
    [ 3194, 267 ],
    [ 3195, 1185 ],
    [ 3196, 757 ],
    [ 3197, 1065 ],
    [ 3198, 375 ],
    [ 3199, 629 ],
    [ 3200, 751 ],
    [ 3201, 1691 ],
    [ 3202, 1449 ],
    [ 3203, 125 ],
    [ 3204, 141 ],
    [ 3205, 81 ],
    [ 3206, 909 ],
    [ 3207, 1289 ],
    [ 3208, 121 ],
    [ 3209, 261 ],
    [ 3210, 507 ],
    [ 3211, 2619 ],
    [ 3212, 2947 ],
    [ 3213, 3525 ],
    [ 3214, 5349 ],
    [ 3215, 863 ],
    [ 3216, 1191 ],
    [ 3217, 717 ],
    [ 3218, 309 ],
    [ 3219, 3473 ],
    [ 3220, 265 ],
    [ 3221, 347 ],
    [ 3222, 397 ],
    [ 3223, 605 ],
    [ 3224, 2917 ],
    [ 3225, 77 ],
    [ 3226, 855 ],
    [ 3227, 711 ],
    [ 3228, 871 ],
    [ 3229, 9 ],
    [ 3230, 11613 ],
    [ 3231, 6123 ],
    [ 3232, 3045 ],
    [ 3233, 2129 ],
    [ 3234, 10707 ],
    [ 3235, 1373 ],
    [ 3236, 2463 ],
    [ 3237, 4587 ],
    [ 3238, 637 ],
    [ 3239, 11639 ],
    [ 3240, 1045 ],
    [ 3241, 27 ],
    [ 3242, 783 ],
    [ 3243, 2699 ],
    [ 3244, 8955 ],
    [ 3245, 4811 ],
    [ 3246, 3787 ],
    [ 3247, 1901 ],
    [ 3248, 1413 ],
    [ 3249, 717 ],
    [ 3250, 265 ],
    [ 3251, 2211 ],
    [ 3252, 3801 ],
    [ 3253, 9 ],
    [ 3254, 1539 ],
    [ 3255, 2273 ],
    [ 3256, 2841 ],
    [ 3257, 2085 ],
    [ 3258, 1303 ],
    [ 3259, 741 ],
    [ 3260, 757 ],
    [ 3261, 1157 ],
    [ 3262, 1443 ],
    [ 3263, 3441 ],
    [ 3264, 1167 ],
    [ 3265, 5525 ],
    [ 3266, 4857 ],
    [ 3267, 99 ],
    [ 3268, 1983 ],
    [ 3269, 57 ],
    [ 3270, 1515 ],
    [ 3271, 245 ],
    [ 3272, 2781 ],
    [ 3273, 549 ],
    [ 3274, 3103 ],
    [ 3275, 35 ],
    [ 3276, 2553 ],
    [ 3277, 365 ],
    [ 3278, 5569 ],
    [ 3279, 4055 ],
    [ 3280, 1465 ],
    [ 3281, 2445 ],
    [ 3282, 717 ],
    [ 3283, 983 ],
    [ 3284, 2205 ],
    [ 3285, 119 ],
    [ 3286, 127 ],
    [ 3287, 711 ],
    [ 3288, 1305 ],
    [ 3289, 9711 ],
    [ 3290, 705 ],
    [ 3291, 635 ],
    [ 3292, 2593 ],
    [ 3293, 3605 ],
    [ 3294, 9837 ],
    [ 3295, 809 ],
    [ 3296, 1177 ],
    [ 3297, 329 ],
    [ 3298, 4165 ],
    [ 3299, 13563 ],
    [ 3300, 2061 ],
    [ 3301, 4127 ],
    [ 3302, 2767 ],
    [ 3303, 2789 ],
    [ 3304, 121 ],
    [ 3305, 611 ],
    [ 3306, 745 ],
    [ 3307, 3803 ],
    [ 3308, 211 ],
    [ 3309, 1629 ],
    [ 3310, 1273 ],
    [ 3311, 1383 ],
    [ 3312, 4251 ],
    [ 3313, 1875 ],
    [ 3314, 229 ],
    [ 3315, 219 ],
    [ 3316, 2691 ],
    [ 3317, 1121 ],
    [ 3318, 577 ],
    [ 3319, 2891 ],
    [ 3320, 93 ],
    [ 3321, 345 ],
    [ 3322, 5145 ],
    [ 3323, 1409 ],
    [ 3324, 2713 ],
    [ 3325, 729 ],
    [ 3326, 163 ],
    [ 3327, 2331 ],
    [ 3328, 87 ],
    [ 3329, 4535 ],
    [ 3330, 7773 ],
    [ 3331, 5505 ],
    [ 3332, 1035 ],
    [ 3333, 3441 ],
    [ 3334, 2439 ],
    [ 3335, 2735 ],
    [ 3336, 1131 ],
    [ 3337, 2165 ],
    [ 3338, 559 ],
    [ 3339, 6459 ],
    [ 3340, 3921 ],
    [ 3341, 17295 ],
    [ 3342, 603 ],
    [ 3343, 3399 ],
    [ 3344, 1303 ],
    [ 3345, 1911 ],
    [ 3346, 1093 ],
    [ 3347, 1353 ],
    [ 3348, 301 ],
    [ 3349, 1469 ],
    [ 3350, 49 ],
    [ 3351, 563 ],
    [ 3352, 1605 ],
    [ 3353, 945 ],
    [ 3354, 1603 ],
    [ 3355, 4431 ],
    [ 3356, 991 ],
    [ 3357, 5129 ],
    [ 3358, 1519 ],
    [ 3359, 41 ],
    [ 3360, 1215 ],
    [ 3361, 615 ],
    [ 3362, 2199 ],
    [ 3363, 1061 ],
    [ 3364, 447 ],
    [ 3365, 999 ],
    [ 3366, 99 ],
    [ 3367, 2003 ],
    [ 3368, 1407 ],
    [ 3369, 339 ],
    [ 3370, 685 ],
    [ 3371, 2009 ],
    [ 3372, 1047 ],
    [ 3373, 7199 ],
    [ 3374, 1885 ],
    [ 3375, 1839 ],
    [ 3376, 2451 ],
    [ 3377, 2741 ],
    [ 3378, 4125 ],
    [ 3379, 1779 ],
    [ 3380, 4435 ],
    [ 3381, 17 ],
    [ 3382, 669 ],
    [ 3383, 413 ],
    [ 3384, 5665 ],
    [ 3385, 4481 ],
    [ 3386, 543 ],
    [ 3387, 1109 ],
    [ 3388, 955 ],
    [ 3389, 539 ],
    [ 3390, 2307 ],
    [ 3391, 381 ],
    [ 3392, 861 ],
    [ 3393, 2525 ],
    [ 3394, 6765 ],
    [ 3395, 2673 ],
    [ 3396, 3985 ],
    [ 3397, 8687 ],
    [ 3398, 10599 ],
    [ 3399, 5489 ],
    [ 3400, 6045 ],
    [ 3401, 3861 ],
    [ 3402, 753 ],
    [ 3403, 345 ],
    [ 3404, 1351 ],
    [ 3405, 4611 ],
    [ 3406, 2475 ],
    [ 3407, 3311 ],
    [ 3408, 1255 ],
    [ 3409, 2001 ],
    [ 3410, 3283 ],
    [ 3411, 695 ],
    [ 3412, 2121 ],
    [ 3413, 1287 ],
    [ 3414, 165 ],
    [ 3415, 293 ],
    [ 3416, 5131 ],
    [ 3417, 1475 ],
    [ 3418, 175 ],
    [ 3419, 2885 ],
    [ 3420, 4791 ],
    [ 3421, 371 ],
    [ 3422, 279 ],
    [ 3423, 3339 ],
    [ 3424, 9627 ],
    [ 3425, 1637 ],
    [ 3426, 1885 ],
    [ 3427, 611 ],
    [ 3428, 1125 ],
    [ 3429, 197 ],
    [ 3430, 6517 ],
    [ 3431, 1055 ],
    [ 3432, 3133 ],
    [ 3433, 329 ],
    [ 3434, 6627 ],
    [ 3435, 75 ],
    [ 3436, 1221 ],
    [ 3437, 8565 ],
    [ 3438, 3469 ],
    [ 3439, 2661 ],
    [ 3440, 3855 ],
    [ 3441, 327 ],
    [ 3442, 3607 ],
    [ 3443, 4155 ],
    [ 3444, 775 ],
    [ 3445, 2499 ],
    [ 3446, 5923 ],
    [ 3447, 4005 ],
    [ 3448, 1813 ],
    [ 3449, 1551 ],
    [ 3450, 817 ],
    [ 3451, 161 ],
    [ 3452, 2511 ],
    [ 3453, 1905 ],
    [ 3454, 7 ],
    [ 3455, 2945 ],
    [ 3456, 2415 ],
    [ 3457, 1457 ],
    [ 3458, 2643 ],
    [ 3459, 1883 ],
    [ 3460, 1533 ],
    [ 3461, 2577 ],
    [ 3462, 2847 ],
    [ 3463, 3725 ],
    [ 3464, 1615 ],
    [ 3465, 2037 ],
    [ 3466, 5653 ],
    [ 3467, 1041 ],
    [ 3468, 8421 ],
    [ 3469, 1739 ],
    [ 3470, 6895 ],
    [ 3471, 3393 ],
    [ 3472, 651 ],
    [ 3473, 195 ],
    [ 3474, 355 ],
    [ 3475, 3509 ],
    [ 3476, 13027 ],
    [ 3477, 57 ],
    [ 3478, 3345 ],
    [ 3479, 989 ],
    [ 3480, 3645 ],
    [ 3481, 2669 ],
    [ 3482, 2067 ],
    [ 3483, 6179 ],
    [ 3484, 1473 ],
    [ 3485, 135 ],
    [ 3486, 1527 ],
    [ 3487, 2403 ],
    [ 3488, 5565 ],
    [ 3489, 1367 ],
    [ 3490, 979 ],
    [ 3491, 2235 ],
    [ 3492, 1423 ],
    [ 3493, 1065 ],
    [ 3494, 5383 ],
    [ 3495, 2313 ],
    [ 3496, 2737 ],
    [ 3497, 5411 ],
    [ 3498, 5985 ],
    [ 3499, 1275 ],
    [ 3500, 457 ],
    [ 3501, 3621 ],
    [ 3502, 2277 ],
    [ 3503, 3333 ],
    [ 3504, 1003 ],
    [ 3505, 3951 ],
    [ 3506, 9547 ],
    [ 3507, 6693 ],
    [ 3508, 4747 ],
    [ 3509, 1049 ],
    [ 3510, 7 ],
    [ 3511, 45 ],
    [ 3512, 1803 ],
    [ 3513, 2067 ],
    [ 3514, 2209 ],
    [ 3515, 159 ],
    [ 3516, 1213 ],
    [ 3517, 39 ],
    [ 3518, 3117 ],
    [ 3519, 2529 ],
    [ 3520, 1191 ],
    [ 3521, 747 ],
    [ 3522, 457 ],
    [ 3523, 6033 ],
    [ 3524, 453 ],
    [ 3525, 3857 ],
    [ 3526, 1647 ],
    [ 3527, 3123 ],
    [ 3528, 127 ],
    [ 3529, 959 ],
    [ 3530, 4627 ],
    [ 3531, 2691 ],
    [ 3532, 5737 ],
    [ 3533, 3429 ],
    [ 3534, 1065 ],
    [ 3535, 395 ],
    [ 3536, 1591 ],
    [ 3537, 2499 ],
    [ 3538, 213 ],
    [ 3539, 3911 ],
    [ 3540, 1653 ],
    [ 3541, 6467 ],
    [ 3542, 979 ],
    [ 3543, 2081 ],
    [ 3544, 541 ],
    [ 3545, 4407 ],
    [ 3546, 435 ],
    [ 3547, 143 ],
    [ 3548, 1411 ],
    [ 3549, 1725 ],
    [ 3550, 183 ],
    [ 3551, 4793 ],
    [ 3552, 3897 ],
    [ 3553, 959 ],
    [ 3554, 8665 ],
    [ 3555, 3201 ],
    [ 3556, 5155 ],
    [ 3557, 2849 ],
    [ 3558, 1645 ],
    [ 3559, 473 ],
    [ 3560, 385 ],
    [ 3561, 3629 ],
    [ 3562, 2793 ],
    [ 3563, 119 ],
    [ 3564, 1465 ],
    [ 3565, 81 ],
    [ 3566, 4459 ],
    [ 3567, 2549 ],
    [ 3568, 2773 ],
    [ 3569, 3501 ],
    [ 3570, 3207 ],
    [ 3571, 155 ],
    [ 3572, 7197 ],
    [ 3573, 2537 ],
    [ 3574, 2155 ],
    [ 3575, 335 ],
    [ 3576, 1615 ],
    [ 3577, 1847 ],
    [ 3578, 453 ],
    [ 3579, 189 ],
    [ 3580, 195 ],
    [ 3581, 951 ],
    [ 3582, 2343 ],
    [ 3583, 4259 ],
    [ 3584, 21 ],
    [ 3585, 3201 ],
    [ 3586, 745 ],
    [ 3587, 3299 ],
    [ 3588, 1365 ],
    [ 3589, 4487 ],
    [ 3590, 1719 ],
    [ 3591, 1365 ],
    [ 3592, 2257 ],
    [ 3593, 2487 ],
    [ 3594, 1479 ],
    [ 3595, 2361 ],
    [ 3596, 555 ],
    [ 3597, 1739 ],
    [ 3598, 1165 ],
    [ 3599, 10025 ],
    [ 3600, 8767 ],
    [ 3601, 6387 ],
    [ 3602, 2347 ],
    [ 3603, 275 ],
    [ 3604, 3997 ],
    [ 3605, 789 ],
    [ 3606, 543 ],
    [ 3607, 2789 ],
    [ 3608, 4101 ],
    [ 3609, 2709 ],
    [ 3610, 787 ],
    [ 3611, 753 ],
    [ 3612, 5065 ],
    [ 3613, 3789 ],
    [ 3614, 2883 ],
    [ 3615, 341 ],
    [ 3616, 265 ],
    [ 3617, 2487 ],
    [ 3618, 633 ],
    [ 3619, 1695 ],
    [ 3620, 5095 ],
    [ 3621, 639 ],
    [ 3622, 1605 ],
    [ 3623, 2759 ],
    [ 3624, 1465 ],
    [ 3625, 1625 ],
    [ 3626, 2077 ],
    [ 3627, 141 ],
    [ 3628, 7245 ],
    [ 3629, 1587 ],
    [ 3630, 10545 ],
    [ 3631, 4091 ],
    [ 3632, 273 ],
    [ 3633, 4131 ],
    [ 3634, 723 ],
    [ 3635, 3351 ],
    [ 3636, 253 ],
    [ 3637, 4505 ],
    [ 3638, 2353 ],
    [ 3639, 1403 ],
    [ 3640, 2041 ],
    [ 3641, 2765 ],
    [ 3642, 1687 ],
    [ 3643, 2579 ],
    [ 3644, 1357 ],
    [ 3645, 777 ],
    [ 3646, 1323 ],
    [ 3647, 1925 ],
    [ 3648, 4641 ],
    [ 3649, 1931 ],
    [ 3650, 55 ],
    [ 3651, 2333 ],
    [ 3652, 4087 ],
    [ 3653, 41 ],
    [ 3654, 1387 ],
    [ 3655, 4421 ],
    [ 3656, 3693 ],
    [ 3657, 5621 ],
    [ 3658, 1687 ],
    [ 3659, 3003 ],
    [ 3660, 1353 ],
    [ 3661, 269 ],
    [ 3662, 1497 ],
    [ 3663, 4305 ],
    [ 3664, 1455 ],
    [ 3665, 1367 ],
    [ 3666, 775 ],
    [ 3667, 2331 ],
    [ 3668, 3277 ],
    [ 3669, 2427 ],
    [ 3670, 1555 ],
    [ 3671, 2003 ],
    [ 3672, 1387 ],
    [ 3673, 629 ],
    [ 3674, 1617 ],
    [ 3675, 7959 ],
    [ 3676, 363 ],
    [ 3677, 467 ],
    [ 3678, 87 ],
    [ 3679, 1275 ],
    [ 3680, 1015 ],
    [ 3681, 549 ],
    [ 3682, 499 ],
    [ 3683, 665 ],
    [ 3684, 1617 ],
    [ 3685, 591 ],
    [ 3686, 859 ],
    [ 3687, 6651 ],
    [ 3688, 193 ],
    [ 3689, 2885 ],
    [ 3690, 2959 ],
    [ 3691, 1719 ],
    [ 3692, 831 ],
    [ 3693, 2721 ],
    [ 3694, 1743 ],
    [ 3695, 2225 ],
    [ 3696, 1123 ],
    [ 3697, 57 ],
    [ 3698, 2485 ],
    [ 3699, 3299 ],
    [ 3700, 1443 ],
    [ 3701, 1367 ],
    [ 3702, 2557 ],
    [ 3703, 1491 ],
    [ 3704, 3931 ],
    [ 3705, 579 ],
    [ 3706, 1479 ],
    [ 3707, 9615 ],
    [ 3708, 16993 ],
    [ 3709, 5531 ],
    [ 3710, 4863 ],
    [ 3711, 351 ],
    [ 3712, 97 ],
    [ 3713, 407 ],
    [ 3714, 529 ],
    [ 3715, 1361 ],
    [ 3716, 1107 ],
    [ 3717, 6231 ],
    [ 3718, 469 ],
    [ 3719, 293 ],
    [ 3720, 3505 ],
    [ 3721, 1361 ],
    [ 3722, 1323 ],
    [ 3723, 2079 ],
    [ 3724, 1903 ],
    [ 3725, 357 ],
    [ 3726, 505 ],
    [ 3727, 8885 ],
    [ 3728, 5247 ],
    [ 3729, 11477 ],
    [ 3730, 765 ],
    [ 3731, 561 ],
    [ 3732, 1353 ],
    [ 3733, 185 ],
    [ 3734, 4165 ],
    [ 3735, 689 ],
    [ 3736, 253 ],
    [ 3737, 1539 ],
    [ 3738, 2137 ],
    [ 3739, 2775 ],
    [ 3740, 331 ],
    [ 3741, 11007 ],
    [ 3742, 6955 ],
    [ 3743, 2969 ],
    [ 3744, 4261 ],
    [ 3745, 465 ],
    [ 3746, 613 ],
    [ 3747, 711 ],
    [ 3748, 1117 ],
    [ 3749, 9 ],
    [ 3750, 4315 ],
    [ 3751, 1415 ],
    [ 3752, 2037 ],
    [ 3753, 105 ],
    [ 3754, 37 ],
    [ 3755, 2241 ],
    [ 3756, 625 ],
    [ 3757, 1179 ],
    [ 3758, 1287 ],
    [ 3759, 521 ],
    [ 3760, 1183 ],
    [ 3761, 2031 ],
    [ 3762, 3465 ],
    [ 3763, 1221 ],
    [ 3764, 1351 ],
    [ 3765, 939 ],
    [ 3766, 1435 ],
    [ 3767, 6035 ],
    [ 3768, 553 ],
    [ 3769, 2775 ],
    [ 3770, 3315 ],
    [ 3771, 10971 ],
    [ 3772, 91 ],
    [ 3773, 2109 ],
    [ 3774, 5647 ],
    [ 3775, 531 ],
    [ 3776, 295 ],
    [ 3777, 71 ],
    [ 3778, 1227 ],
    [ 3779, 1863 ],
    [ 3780, 465 ],
    [ 3781, 1281 ],
    [ 3782, 729 ],
    [ 3783, 1061 ],
    [ 3784, 993 ],
    [ 3785, 659 ],
    [ 3786, 2997 ],
    [ 3787, 4355 ],
    [ 3788, 2067 ],
    [ 3789, 5685 ],
    [ 3790, 1387 ],
    [ 3791, 3725 ],
    [ 3792, 835 ],
    [ 3793, 5585 ],
    [ 3794, 397 ],
    [ 3795, 2159 ],
    [ 3796, 9291 ],
    [ 3797, 3395 ],
    [ 3798, 1737 ],
    [ 3799, 2669 ],
    [ 3800, 1531 ],
    [ 3801, 1587 ],
    [ 3802, 1255 ],
    [ 3803, 3525 ],
    [ 3804, 9025 ],
    [ 3805, 39 ],
    [ 3806, 963 ],
    [ 3807, 165 ],
    [ 3808, 181 ],
    [ 3809, 10379 ],
    [ 3810, 229 ],
    [ 3811, 1985 ],
    [ 3812, 2841 ],
    [ 3813, 681 ],
    [ 3814, 8287 ],
    [ 3815, 7979 ],
    [ 3816, 2143 ],
    [ 3817, 2739 ],
    [ 3818, 2073 ],
    [ 3819, 6279 ],
    [ 3820, 2071 ],
    [ 3821, 1071 ],
    [ 3822, 459 ],
    [ 3823, 105 ],
    [ 3824, 2587 ],
    [ 3825, 1701 ],
    [ 3826, 1015 ],
    [ 3827, 2529 ],
    [ 3828, 913 ],
    [ 3829, 4907 ],
    [ 3830, 1575 ],
    [ 3831, 663 ],
    [ 3832, 3081 ],
    [ 3833, 2459 ],
    [ 3834, 1737 ],
    [ 3835, 1085 ],
    [ 3836, 2545 ],
    [ 3837, 4557 ],
    [ 3838, 1737 ],
    [ 3839, 971 ],
    [ 3840, 583 ],
    [ 3841, 431 ],
    [ 3842, 123 ],
    [ 3843, 2259 ],
    [ 3844, 2913 ],
    [ 3845, 3947 ],
    [ 3846, 523 ],
    [ 3847, 2649 ],
    [ 3848, 1755 ],
    [ 3849, 4175 ],
    [ 3850, 5053 ],
    [ 3851, 1785 ],
    [ 3852, 5073 ],
    [ 3853, 737 ],
    [ 3854, 687 ],
    [ 3855, 1961 ],
    [ 3856, 1263 ],
    [ 3857, 179 ],
    [ 3858, 1299 ],
    [ 3859, 2673 ],
    [ 3860, 3045 ],
    [ 3861, 4011 ],
    [ 3862, 9783 ],
    [ 3863, 225 ],
    [ 3864, 7 ],
    [ 3865, 1215 ],
    [ 3866, 1995 ],
    [ 3867, 4523 ],
    [ 3868, 1467 ],
    [ 3869, 1649 ],
    [ 3870, 7 ],
    [ 3871, 3695 ],
    [ 3872, 4261 ],
    [ 3873, 4335 ],
    [ 3874, 1669 ],
    [ 3875, 2433 ],
    [ 3876, 141 ],
    [ 3877, 207 ],
    [ 3878, 4633 ],
    [ 3879, 3491 ],
    [ 3880, 993 ],
    [ 3881, 4779 ],
    [ 3882, 15 ],
    [ 3883, 2061 ],
    [ 3884, 663 ],
    [ 3885, 407 ],
    [ 3886, 2443 ],
    [ 3887, 1563 ],
    [ 3888, 751 ],
    [ 3889, 1719 ],
    [ 3890, 145 ],
    [ 3891, 5079 ],
    [ 3892, 295 ],
    [ 3893, 2097 ],
    [ 3894, 1059 ],
    [ 3895, 6929 ],
    [ 3896, 841 ],
    [ 3897, 3267 ],
    [ 3898, 7989 ],
    [ 3899, 3089 ],
    [ 3900, 2371 ],
    [ 3901, 237 ],
    [ 3902, 6403 ],
    [ 3903, 1061 ],
    [ 3904, 5811 ],
    [ 3905, 7995 ],
    [ 3906, 1059 ],
    [ 3907, 5453 ],
    [ 3908, 2365 ],
    [ 3909, 4035 ],
    [ 3910, 5079 ],
    [ 3911, 9765 ],
    [ 3912, 5605 ],
    [ 3913, 3359 ],
    [ 3914, 1525 ],
    [ 3915, 2171 ],
    [ 3916, 2397 ],
    [ 3917, 57 ],
    [ 3918, 697 ],
    [ 3919, 515 ],
    [ 3920, 943 ],
    [ 3921, 1359 ],
    [ 3922, 1827 ],
    [ 3923, 411 ],
    [ 3924, 537 ],
    [ 3925, 407 ],
    [ 3926, 987 ],
    [ 3927, 4433 ],
    [ 3928, 4801 ],
    [ 3929, 9695 ],
    [ 3930, 913 ],
    [ 3931, 2391 ],
    [ 3932, 687 ],
    [ 3933, 227 ],
    [ 3934, 8547 ],
    [ 3935, 4625 ],
    [ 3936, 1435 ],
    [ 3937, 2069 ],
    [ 3938, 397 ],
    [ 3939, 8855 ],
    [ 3940, 15 ],
    [ 3941, 2777 ],
    [ 3942, 49 ],
    [ 3943, 441 ],
    [ 3944, 4033 ],
    [ 3945, 1839 ],
    [ 3946, 889 ],
    [ 3947, 923 ],
    [ 3948, 117 ],
    [ 3949, 2159 ],
    [ 3950, 3085 ],
    [ 3951, 7481 ],
    [ 3952, 4071 ],
    [ 3953, 405 ],
    [ 3954, 1429 ],
    [ 3955, 855 ],
    [ 3956, 21 ],
    [ 3957, 1125 ],
    [ 3958, 3549 ],
    [ 3959, 2921 ],
    [ 3960, 697 ],
    [ 3961, 2457 ],
    [ 3962, 99 ],
    [ 3963, 411 ],
    [ 3964, 447 ],
    [ 3965, 4521 ],
    [ 3966, 14359 ],
    [ 3967, 6069 ],
    [ 3968, 5857 ],
    [ 3969, 791 ],
    [ 3970, 193 ],
    [ 3971, 1173 ],
    [ 3972, 6513 ],
    [ 3973, 809 ],
    [ 3974, 4885 ],
    [ 3975, 1083 ],
    [ 3976, 2083 ],
    [ 3977, 651 ],
    [ 3978, 3477 ],
    [ 3979, 3249 ],
    [ 3980, 555 ],
    [ 3981, 2577 ],
    [ 3982, 20889 ],
    [ 3983, 1173 ],
    [ 3984, 2907 ],
    [ 3985, 5067 ],
    [ 3986, 1099 ],
    [ 3987, 1895 ],
    [ 3988, 1087 ],
    [ 3989, 1289 ],
    [ 3990, 1629 ],
    [ 3991, 1301 ],
    [ 3992, 847 ],
    [ 3993, 261 ],
    [ 3994, 2493 ],
    [ 3995, 9069 ],
    [ 3996, 11851 ],
    [ 3997, 1659 ],
    [ 3998, 3007 ],
    [ 3999, 311 ],
    [ 4000, 63 ],
    [ 4001, 719 ],
    [ 4002, 3 ],
    [ 4003, 2619 ],
    [ 4004, 15057 ],
    [ 4005, 5141 ],
    [ 4006, 11019 ],
    [ 4007, 3471 ],
    [ 4008, 4915 ],
    [ 4009, 1775 ],
    [ 4010, 1575 ],
    [ 4011, 1011 ],
    [ 4012, 1761 ],
    [ 4013, 309 ],
    [ 4014, 1719 ],
    [ 4015, 2211 ],
    [ 4016, 163 ],
    [ 4017, 1101 ],
    [ 4018, 1753 ],
    [ 4019, 83 ],
    [ 4020, 9117 ],
    [ 4021, 4787 ],
    [ 4022, 613 ],
    [ 4023, 7049 ],
    [ 4024, 2047 ],
    [ 4025, 305 ],
    [ 4026, 2823 ],
    [ 4027, 2591 ],
    [ 4028, 5821 ],
    [ 4029, 5225 ],
    [ 4030, 1987 ],
    [ 4031, 2135 ],
    [ 4032, 4455 ],
    [ 4033, 779 ],
    [ 4034, 835 ],
    [ 4035, 4725 ],
    [ 4036, 3307 ],
    [ 4037, 1829 ],
    [ 4038, 1555 ],
    [ 4039, 303 ],
    [ 4040, 6343 ],
    [ 4041, 365 ],
    [ 4042, 6957 ],
    [ 4043, 5291 ],
    [ 4044, 6591 ],
    [ 4045, 5915 ],
    [ 4046, 993 ],
    [ 4047, 171 ],
    [ 4048, 8955 ],
    [ 4049, 4551 ],
    [ 4050, 369 ],
    [ 4051, 1911 ],
    [ 4052, 1813 ],
    [ 4053, 1121 ],
    [ 4054, 249 ],
    [ 4055, 4131 ],
    [ 4056, 1447 ],
    [ 4057, 437 ],
    [ 4058, 3477 ],
    [ 4059, 5369 ],
    [ 4060, 3 ],
    [ 4061, 791 ],
    [ 4062, 3 ],
    [ 4063, 1085 ],
    [ 4064, 6571 ],
    [ 4065, 7079 ],
    [ 4066, 1089 ],
    [ 4067, 1965 ],
    [ 4068, 1033 ],
    [ 4069, 1949 ],
    [ 4070, 1519 ],
    [ 4071, 3251 ],
    [ 4072, 3465 ],
    [ 4073, 3981 ],
    [ 4074, 1215 ],
    [ 4075, 6093 ],
    [ 4076, 8257 ],
    [ 4077, 4005 ],
    [ 4078, 865 ],
    [ 4079, 1901 ],
    [ 4080, 345 ],
    [ 4081, 2339 ],
    [ 4082, 1597 ],
    [ 4083, 5561 ],
    [ 4084, 1213 ],
    [ 4085, 3857 ],
    [ 4086, 3493 ],
    [ 4087, 1403 ],
    [ 4088, 1651 ],
    [ 4089, 7677 ],
    [ 4090, 5067 ],
    [ 4091, 4019 ],
    [ 4092, 1683 ],
    [ 4093, 671 ],
    [ 4094, 489 ],
    [ 4095, 579 ],
    [ 4096, 1761 ],
    [ 4097, 51 ],
    [ 4098, 6357 ],
    [ 4099, 3219 ],
    [ 4100, 1845 ],
    [ 4101, 231 ],
    [ 4102, 7065 ],
    [ 4103, 621 ],
    [ 4104, 5773 ],
    [ 4105, 5459 ],
    [ 4106, 4653 ],
    [ 4107, 2753 ],
    [ 4108, 13 ],
    [ 4109, 909 ],
    [ 4110, 7383 ],
    [ 4111, 533 ],
    [ 4112, 2415 ],
    [ 4113, 2739 ],
    [ 4114, 6565 ],
    [ 4115, 4365 ],
    [ 4116, 1947 ],
    [ 4117, 629 ],
    [ 4118, 3637 ],
    [ 4119, 2955 ],
    [ 4120, 5803 ],
    [ 4121, 741 ],
    [ 4122, 855 ],
    [ 4123, 219 ],
    [ 4124, 961 ],
    [ 4125, 599 ],
    [ 4126, 2289 ],
    [ 4127, 1685 ],
    [ 4128, 6151 ],
    [ 4129, 567 ],
    [ 4130, 4645 ],
    [ 4131, 3803 ],
    [ 4132, 2061 ],
    [ 4133, 3597 ],
    [ 4134, 117 ],
    [ 4135, 2241 ],
    [ 4136, 993 ],
    [ 4137, 57 ],
    [ 4138, 963 ],
    [ 4139, 2585 ],
    [ 4140, 5833 ],
    [ 4141, 4389 ],
    [ 4142, 1593 ],
    [ 4143, 8085 ],
    [ 4144, 2125 ],
    [ 4145, 545 ],
    [ 4146, 6165 ],
    [ 4147, 2915 ],
    [ 4148, 1653 ],
    [ 4149, 4965 ],
    [ 4150, 759 ],
    [ 4151, 333 ],
    [ 4152, 1083 ],
    [ 4153, 2957 ],
    [ 4154, 1797 ],
    [ 4155, 1421 ],
    [ 4156, 2391 ],
    [ 4157, 4499 ],
    [ 4158, 3705 ],
    [ 4159, 1779 ],
    [ 4160, 4617 ],
    [ 4161, 1491 ],
    [ 4162, 1999 ],
    [ 4163, 5105 ],
    [ 4164, 147 ],
    [ 4165, 1019 ],
    [ 4166, 2569 ],
    [ 4167, 4911 ],
    [ 4168, 55 ],
    [ 4169, 905 ],
    [ 4170, 1593 ],
    [ 4171, 815 ],
    [ 4172, 1243 ],
    [ 4173, 1881 ],
    [ 4174, 2799 ],
    [ 4175, 6531 ],
    [ 4176, 3061 ],
    [ 4177, 2877 ],
    [ 4178, 1215 ],
    [ 4179, 873 ],
    [ 4180, 10807 ],
    [ 4181, 2051 ],
    [ 4182, 8439 ],
    [ 4183, 1995 ],
    [ 4184, 2935 ],
    [ 4185, 2499 ],
    [ 4186, 8049 ],
    [ 4187, 2115 ],
    [ 4188, 3543 ],
    [ 4189, 2795 ],
    [ 4190, 459 ],
    [ 4191, 3033 ],
    [ 4192, 1203 ],
    [ 4193, 8499 ],
    [ 4194, 1885 ],
    [ 4195, 3651 ],
    [ 4196, 33 ],
    [ 4197, 2591 ],
    [ 4198, 709 ],
    [ 4199, 1269 ],
    [ 4200, 8335 ],
    [ 4201, 3665 ],
    [ 4202, 343 ],
    [ 4203, 695 ],
    [ 4204, 3385 ],
    [ 4205, 3737 ],
    [ 4206, 5505 ],
    [ 4207, 2681 ],
    [ 4208, 505 ],
    [ 4209, 2427 ],
    [ 4210, 2509 ],
    [ 4211, 455 ],
    [ 4212, 4545 ],
    [ 4213, 309 ],
    [ 4214, 1537 ],
    [ 4215, 831 ],
    [ 4216, 501 ],
    [ 4217, 945 ],
    [ 4218, 303 ],
    [ 4219, 1179 ],
    [ 4220, 1167 ],
    [ 4221, 1031 ],
    [ 4222, 3397 ],
    [ 4223, 3239 ],
    [ 4224, 8031 ],
    [ 4225, 7589 ],
    [ 4226, 235 ],
    [ 4227, 1431 ],
    [ 4228, 1953 ],
    [ 4229, 5489 ],
    [ 4230, 1419 ],
    [ 4231, 3455 ],
    [ 4232, 8205 ],
    [ 4233, 2535 ],
    [ 4234, 45 ],
    [ 4235, 1043 ],
    [ 4236, 5157 ],
    [ 4237, 2027 ],
    [ 4238, 2595 ],
    [ 4239, 4281 ],
    [ 4240, 5193 ],
    [ 4241, 687 ],
    [ 4242, 2587 ],
    [ 4243, 4221 ],
    [ 4244, 2203 ],
    [ 4245, 2445 ],
    [ 4246, 127 ],
    [ 4247, 393 ],
    [ 4248, 127 ],
    [ 4249, 501 ],
    [ 4250, 259 ],
    [ 4251, 921 ],
    [ 4252, 1711 ],
    [ 4253, 4691 ],
    [ 4254, 663 ],
    [ 4255, 6719 ],
    [ 4256, 723 ],
    [ 4257, 119 ],
    [ 4258, 5967 ],
    [ 4259, 345 ],
    [ 4260, 235 ],
    [ 4261, 1469 ],
    [ 4262, 3949 ],
    [ 4263, 1173 ],
    [ 4264, 1837 ],
    [ 4265, 2639 ],
    [ 4266, 6237 ],
    [ 4267, 3605 ],
    [ 4268, 3711 ],
    [ 4269, 1367 ],
    [ 4270, 613 ],
    [ 4271, 2399 ],
    [ 4272, 627 ],
    [ 4273, 11081 ],
    [ 4274, 3477 ],
    [ 4275, 273 ],
    [ 4276, 1813 ],
    [ 4277, 281 ],
    [ 4278, 1215 ],
    [ 4279, 8921 ],
    [ 4280, 5475 ],
    [ 4281, 1781 ],
    [ 4282, 1449 ],
    [ 4283, 1209 ],
    [ 4284, 1677 ],
    [ 4285, 489 ],
    [ 4286, 1159 ],
    [ 4287, 245 ],
    [ 4288, 631 ],
    [ 4289, 6227 ],
    [ 4290, 1633 ],
    [ 4291, 2109 ],
    [ 4292, 1575 ],
    [ 4293, 3689 ],
    [ 4294, 1593 ],
    [ 4295, 2051 ],
    [ 4296, 4365 ],
    [ 4297, 3779 ],
    [ 4298, 3747 ],
    [ 4299, 1005 ],
    [ 4300, 2115 ],
    [ 4301, 6119 ],
    [ 4302, 2325 ],
    [ 4303, 1439 ],
    [ 4304, 805 ],
    [ 4305, 1349 ],
    [ 4306, 5145 ],
    [ 4307, 2993 ],
    [ 4308, 2985 ],
    [ 4309, 125 ],
    [ 4310, 1453 ],
    [ 4311, 1625 ],
    [ 4312, 2523 ],
    [ 4313, 3255 ],
    [ 4314, 6295 ],
    [ 4315, 1851 ],
    [ 4316, 2535 ],
    [ 4317, 2451 ],
    [ 4318, 165 ],
    [ 4319, 4083 ],
    [ 4320, 2115 ],
    [ 4321, 1421 ],
    [ 4322, 8883 ],
    [ 4323, 25755 ],
    [ 4324, 12015 ],
    [ 4325, 1511 ],
    [ 4326, 3385 ],
    [ 4327, 4889 ],
    [ 4328, 601 ],
    [ 4329, 239 ],
    [ 4330, 2229 ],
    [ 4331, 3921 ],
    [ 4332, 6337 ],
    [ 4333, 2597 ],
    [ 4334, 2295 ],
    [ 4335, 4329 ],
    [ 4336, 2251 ],
    [ 4337, 965 ],
    [ 4338, 589 ],
    [ 4339, 2759 ],
    [ 4340, 3817 ],
    [ 4341, 497 ],
    [ 4342, 6733 ],
    [ 4343, 1175 ],
    [ 4344, 2721 ],
    [ 4345, 4635 ],
    [ 4346, 1449 ],
    [ 4347, 1655 ],
    [ 4348, 4333 ],
    [ 4349, 7097 ],
    [ 4350, 1773 ],
    [ 4351, 5429 ],
    [ 4352, 7161 ],
    [ 4353, 527 ],
    [ 4354, 1525 ],
    [ 4355, 725 ],
    [ 4356, 5133 ],
    [ 4357, 315 ],
    [ 4358, 3793 ],
    [ 4359, 921 ],
    [ 4360, 2781 ],
    [ 4361, 1691 ],
    [ 4362, 5077 ],
    [ 4363, 2829 ],
    [ 4364, 811 ],
    [ 4365, 459 ],
    [ 4366, 1063 ],
    [ 4367, 2169 ],
    [ 4368, 7761 ],
    [ 4369, 569 ],
    [ 4370, 1125 ],
    [ 4371, 3753 ],
    [ 4372, 2461 ],
    [ 4373, 2241 ],
    [ 4374, 3907 ],
    [ 4375, 9 ],
    [ 4376, 4201 ],
    [ 4377, 12029 ],
    [ 4378, 3973 ],
    [ 4379, 221 ],
    [ 4380, 445 ],
    [ 4381, 617 ],
    [ 4382, 3957 ],
    [ 4383, 1001 ],
    [ 4384, 2037 ],
    [ 4385, 1215 ],
    [ 4386, 3463 ],
    [ 4387, 6023 ],
    [ 4388, 2295 ],
    [ 4389, 695 ],
    [ 4390, 889 ],
    [ 4391, 3095 ],
    [ 4392, 553 ],
    [ 4393, 2211 ],
    [ 4394, 2755 ],
    [ 4395, 765 ],
    [ 4396, 703 ],
    [ 4397, 3471 ],
    [ 4398, 2695 ],
    [ 4399, 69 ],
    [ 4400, 7827 ],
    [ 4401, 5979 ],
    [ 4402, 867 ],
    [ 4403, 4163 ],
    [ 4404, 9193 ],
    [ 4405, 311 ],
    [ 4406, 3057 ],
    [ 4407, 3173 ],
    [ 4408, 1747 ],
    [ 4409, 1737 ],
    [ 4410, 1837 ],
    [ 4411, 8331 ],
    [ 4412, 4857 ],
    [ 4413, 71 ],
    [ 4414, 5637 ],
    [ 4415, 1733 ],
    [ 4416, 1743 ],
    [ 4417, 3905 ],
    [ 4418, 1483 ],
    [ 4419, 435 ],
    [ 4420, 1017 ],
    [ 4421, 8807 ],
    [ 4422, 663 ],
    [ 4423, 1599 ],
    [ 4424, 1341 ],
    [ 4425, 6177 ],
    [ 4426, 3807 ],
    [ 4427, 95 ],
    [ 4428, 3981 ],
    [ 4429, 2811 ],
    [ 4430, 1359 ],
    [ 4431, 7089 ],
    [ 4432, 1933 ],
    [ 4433, 3707 ],
    [ 4434, 5749 ],
    [ 4435, 3245 ],
    [ 4436, 4261 ],
    [ 4437, 855 ],
    [ 4438, 427 ],
    [ 4439, 4655 ],
    [ 4440, 1431 ],
    [ 4441, 17 ],
    [ 4442, 2043 ],
    [ 4443, 2595 ],
    [ 4444, 4041 ],
    [ 4445, 1755 ],
    [ 4446, 5589 ],
    [ 4447, 2625 ],
    [ 4448, 2437 ],
    [ 4449, 3731 ],
    [ 4450, 1423 ],
    [ 4451, 413 ],
    [ 4452, 2457 ],
    [ 4453, 2381 ],
    [ 4454, 657 ],
    [ 4455, 581 ],
    [ 4456, 1851 ],
    [ 4457, 2585 ],
    [ 4458, 3349 ],
    [ 4459, 95 ],
    [ 4460, 775 ],
    [ 4461, 551 ],
    [ 4462, 12267 ],
    [ 4463, 1121 ],
    [ 4464, 175 ],
    [ 4465, 2307 ],
    [ 4466, 8827 ],
    [ 4467, 4629 ],
    [ 4468, 1935 ],
    [ 4469, 25221 ],
    [ 4470, 745 ],
    [ 4471, 16281 ],
    [ 4472, 705 ],
    [ 4473, 1335 ],
    [ 4474, 1323 ],
    [ 4475, 2081 ],
    [ 4476, 487 ],
    [ 4477, 13397 ],
    [ 4478, 1675 ],
    [ 4479, 9363 ],
    [ 4480, 1537 ],
    [ 4481, 1667 ],
    [ 4482, 4147 ],
    [ 4483, 1725 ],
    [ 4484, 3883 ],
    [ 4485, 717 ],
    [ 4486, 2557 ],
    [ 4487, 645 ],
    [ 4488, 2793 ],
    [ 4489, 5565 ],
    [ 4490, 6343 ],
    [ 4491, 3599 ],
    [ 4492, 3675 ],
    [ 4493, 545 ],
    [ 4494, 9 ],
    [ 4495, 1049 ],
    [ 4496, 9673 ],
    [ 4497, 2867 ],
    [ 4498, 11769 ],
    [ 4499, 1703 ],
    [ 4500, 7971 ],
    [ 4501, 287 ],
    [ 4502, 4837 ],
    [ 4503, 4539 ],
    [ 4504, 3951 ],
    [ 4505, 999 ],
    [ 4506, 459 ],
    [ 4507, 393 ],
    [ 4508, 1155 ],
    [ 4509, 1727 ],
    [ 4510, 2295 ],
    [ 4511, 1019 ],
    [ 4512, 5415 ],
    [ 4513, 1287 ],
    [ 4514, 967 ],
    [ 4515, 1103 ],
    [ 4516, 1527 ],
    [ 4517, 2925 ],
    [ 4518, 1569 ],
    [ 4519, 7863 ],
    [ 4520, 783 ],
    [ 4521, 5367 ],
    [ 4522, 3135 ],
    [ 4523, 2109 ],
    [ 4524, 4893 ],
    [ 4525, 5555 ],
    [ 4526, 775 ],
    [ 4527, 2859 ],
    [ 4528, 4063 ],
    [ 4529, 15881 ],
    [ 4530, 3367 ],
    [ 4531, 2915 ],
    [ 4532, 231 ],
    [ 4533, 3911 ],
    [ 4534, 2347 ],
    [ 4535, 5621 ],
    [ 4536, 765 ],
    [ 4537, 347 ],
    [ 4538, 1717 ],
    [ 4539, 12063 ],
    [ 4540, 2655 ],
    [ 4541, 447 ],
    [ 4542, 2019 ],
    [ 4543, 2891 ],
    [ 4544, 2031 ],
    [ 4545, 2105 ],
    [ 4546, 2193 ],
    [ 4547, 113 ],
    [ 4548, 1453 ],
    [ 4549, 2699 ],
    [ 4550, 1749 ],
    [ 4551, 8891 ],
    [ 4552, 3 ],
    [ 4553, 6525 ],
    [ 4554, 3133 ],
    [ 4555, 2081 ],
    [ 4556, 3037 ],
    [ 4557, 9 ],
    [ 4558, 489 ],
    [ 4559, 473 ],
    [ 4560, 837 ],
    [ 4561, 3215 ],
    [ 4562, 7923 ],
    [ 4563, 4023 ],
    [ 4564, 6171 ],
    [ 4565, 1191 ],
    [ 4566, 789 ],
    [ 4567, 7745 ],
    [ 4568, 573 ],
    [ 4569, 7577 ],
    [ 4570, 2853 ],
    [ 4571, 905 ],
    [ 4572, 1575 ],
    [ 4573, 1397 ],
    [ 4574, 1705 ],
    [ 4575, 1401 ],
    [ 4576, 447 ],
    [ 4577, 959 ],
    [ 4578, 513 ],
    [ 4579, 1695 ],
    [ 4580, 2281 ],
    [ 4581, 1631 ],
    [ 4582, 423 ],
    [ 4583, 2583 ],
    [ 4584, 4233 ],
    [ 4585, 231 ],
    [ 4586, 2575 ],
    [ 4587, 7541 ],
    [ 4588, 3753 ],
    [ 4589, 207 ],
    [ 4590, 1377 ],
    [ 4591, 3033 ],
    [ 4592, 483 ],
    [ 4593, 585 ],
    [ 4594, 799 ],
    [ 4595, 579 ],
    [ 4596, 2803 ],
    [ 4597, 819 ],
    [ 4598, 10483 ],
    [ 4599, 3483 ],
    [ 4600, 5415 ],
    [ 4601, 41 ],
    [ 4602, 1827 ],
    [ 4603, 2655 ],
    [ 4604, 781 ],
    [ 4605, 2367 ],
    [ 4606, 423 ],
    [ 4607, 3389 ],
    [ 4608, 537 ],
    [ 4609, 647 ],
    [ 4610, 9373 ],
    [ 4611, 311 ],
    [ 4612, 757 ],
    [ 4613, 555 ],
    [ 4614, 1549 ],
    [ 4615, 4035 ],
    [ 4616, 1033 ],
    [ 4617, 789 ],
    [ 4618, 4207 ],
    [ 4619, 4019 ],
    [ 4620, 8625 ],
    [ 4621, 1089 ],
    [ 4622, 379 ],
    [ 4623, 701 ],
    [ 4624, 2355 ],
    [ 4625, 75 ],
    [ 4626, 997 ],
    [ 4627, 5249 ],
    [ 4628, 11703 ],
    [ 4629, 2969 ],
    [ 4630, 363 ],
    [ 4631, 5829 ],
    [ 4632, 4455 ],
    [ 4633, 13757 ],
    [ 4634, 975 ],
    [ 4635, 1439 ],
    [ 4636, 165 ],
    [ 4637, 2885 ],
    [ 4638, 43 ],
    [ 4639, 3375 ],
    [ 4640, 3157 ],
    [ 4641, 1905 ],
    [ 4642, 1687 ],
    [ 4643, 2331 ],
    [ 4644, 943 ],
    [ 4645, 2237 ],
    [ 4646, 1035 ],
    [ 4647, 14819 ],
    [ 4648, 505 ],
    [ 4649, 131 ],
    [ 4650, 1129 ],
    [ 4651, 1173 ],
    [ 4652, 555 ],
    [ 4653, 1085 ],
    [ 4654, 6027 ],
    [ 4655, 2769 ],
    [ 4656, 3243 ],
    [ 4657, 5261 ],
    [ 4658, 3087 ],
    [ 4659, 9453 ],
    [ 4660, 601 ],
    [ 4661, 2057 ],
    [ 4662, 7917 ],
    [ 4663, 3945 ],
    [ 4664, 1477 ],
    [ 4665, 5055 ],
    [ 4666, 3217 ],
    [ 4667, 2003 ],
    [ 4668, 7495 ],
    [ 4669, 1191 ],
    [ 4670, 9097 ],
    [ 4671, 329 ],
    [ 4672, 5737 ],
    [ 4673, 375 ],
    [ 4674, 2629 ],
    [ 4675, 2625 ],
    [ 4676, 1923 ],
    [ 4677, 981 ],
    [ 4678, 1275 ],
    [ 4679, 215 ],
    [ 4680, 133 ],
    [ 4681, 755 ],
    [ 4682, 9757 ],
    [ 4683, 1359 ],
    [ 4684, 1473 ],
    [ 4685, 2057 ],
    [ 4686, 3769 ],
    [ 4687, 4911 ],
    [ 4688, 3303 ],
    [ 4689, 1551 ],
    [ 4690, 277 ],
    [ 4691, 6959 ],
    [ 4692, 7101 ],
    [ 4693, 4391 ],
    [ 4694, 337 ],
    [ 4695, 971 ],
    [ 4696, 6931 ],
    [ 4697, 357 ],
    [ 4698, 12703 ],
    [ 4699, 3059 ],
    [ 4700, 6085 ],
    [ 4701, 8085 ],
    [ 4702, 739 ],
    [ 4703, 401 ],
    [ 4704, 5863 ],
    [ 4705, 489 ],
    [ 4706, 3897 ],
    [ 4707, 3903 ],
    [ 4708, 381 ],
    [ 4709, 1089 ],
    [ 4710, 2035 ],
    [ 4711, 4151 ],
    [ 4712, 813 ],
    [ 4713, 2067 ],
    [ 4714, 1525 ],
    [ 4715, 65 ],
    [ 4716, 9213 ],
    [ 4717, 3395 ],
    [ 4718, 4759 ],
    [ 4719, 3441 ],
    [ 4720, 741 ],
    [ 4721, 6701 ],
    [ 4722, 1537 ],
    [ 4723, 2339 ],
    [ 4724, 1243 ],
    [ 4725, 5271 ],
    [ 4726, 4957 ],
    [ 4727, 3431 ],
    [ 4728, 5331 ],
    [ 4729, 6357 ],
    [ 4730, 5275 ],
    [ 4731, 23943 ],
    [ 4732, 4155 ],
    [ 4733, 875 ],
    [ 4734, 5569 ],
    [ 4735, 12225 ],
    [ 4736, 727 ],
    [ 4737, 425 ],
    [ 4738, 853 ],
    [ 4739, 1065 ],
    [ 4740, 315 ],
    [ 4741, 3479 ],
    [ 4742, 657 ],
    [ 4743, 5201 ],
    [ 4744, 525 ],
    [ 4745, 245 ],
    [ 4746, 1797 ],
    [ 4747, 351 ],
    [ 4748, 2647 ],
    [ 4749, 2661 ],
    [ 4750, 207 ],
    [ 4751, 1169 ],
    [ 4752, 8725 ],
    [ 4753, 1577 ],
    [ 4754, 3505 ],
    [ 4755, 549 ],
    [ 4756, 3097 ],
    [ 4757, 4827 ],
    [ 4758, 4267 ],
    [ 4759, 1599 ],
    [ 4760, 361 ],
    [ 4761, 7157 ],
    [ 4762, 13407 ],
    [ 4763, 93 ],
    [ 4764, 2293 ],
    [ 4765, 2307 ],
    [ 4766, 43 ],
    [ 4767, 393 ],
    [ 4768, 1533 ],
    [ 4769, 10887 ],
    [ 4770, 1699 ],
    [ 4771, 2163 ],
    [ 4772, 5437 ],
    [ 4773, 2787 ],
    [ 4774, 927 ],
    [ 4775, 5823 ],
    [ 4776, 303 ],
    [ 4777, 1029 ],
    [ 4778, 6475 ],
    [ 4779, 275 ],
    [ 4780, 183 ],
    [ 4781, 2769 ],
    [ 4782, 607 ],
    [ 4783, 1695 ],
    [ 4784, 1615 ],
    [ 4785, 4229 ],
    [ 4786, 867 ],
    [ 4787, 4703 ],
    [ 4788, 7963 ],
    [ 4789, 2369 ],
    [ 4790, 3213 ],
    [ 4791, 1323 ],
    [ 4792, 7293 ],
    [ 4793, 57 ],
    [ 4794, 1267 ],
    [ 4795, 7881 ],
    [ 4796, 10227 ],
    [ 4797, 57 ],
    [ 4798, 517 ],
    [ 4799, 755 ],
    [ 4800, 7453 ],
    [ 4801, 5921 ],
    [ 4802, 433 ],
    [ 4803, 11249 ],
    [ 4804, 8607 ],
    [ 4805, 305 ],
    [ 4806, 2145 ],
    [ 4807, 1659 ],
    [ 4808, 5025 ],
    [ 4809, 2949 ],
    [ 4810, 1117 ],
    [ 4811, 2315 ],
    [ 4812, 5605 ],
    [ 4813, 959 ],
    [ 4814, 1927 ],
    [ 4815, 513 ],
    [ 4816, 1065 ],
    [ 4817, 3327 ],
    [ 4818, 2677 ],
    [ 4819, 653 ],
    [ 4820, 14637 ],
    [ 4821, 239 ],
    [ 4822, 1197 ],
    [ 4823, 1551 ],
    [ 4824, 3103 ],
    [ 4825, 8057 ],
    [ 4826, 4543 ],
    [ 4827, 2411 ],
    [ 4828, 3237 ],
    [ 4829, 719 ],
    [ 4830, 2079 ],
    [ 4831, 4085 ],
    [ 4832, 243 ],
    [ 4833, 12531 ],
    [ 4834, 6499 ],
    [ 4835, 2375 ],
    [ 4836, 2017 ],
    [ 4837, 837 ],
    [ 4838, 4935 ],
    [ 4839, 3773 ],
    [ 4840, 15 ],
    [ 4841, 929 ],
    [ 4842, 1053 ],
    [ 4843, 191 ],
    [ 4844, 3543 ],
    [ 4845, 5841 ],
    [ 4846, 1525 ],
    [ 4847, 8055 ],
    [ 4848, 2671 ],
    [ 4849, 741 ],
    [ 4850, 11647 ],
    [ 4851, 3105 ],
    [ 4852, 4501 ],
    [ 4853, 1335 ],
    [ 4854, 3495 ],
    [ 4855, 3315 ],
    [ 4856, 13743 ],
    [ 4857, 3257 ],
    [ 4858, 1333 ],
    [ 4859, 651 ],
    [ 4860, 6381 ],
    [ 4861, 305 ],
    [ 4862, 223 ],
    [ 4863, 4803 ],
    [ 4864, 3675 ],
    [ 4865, 285 ],
    [ 4866, 1183 ],
    [ 4867, 2813 ],
    [ 4868, 7611 ],
    [ 4869, 7337 ],
    [ 4870, 1729 ],
    [ 4871, 2573 ],
    [ 4872, 261 ],
    [ 4873, 771 ],
    [ 4874, 163 ],
    [ 4875, 11915 ],
    [ 4876, 67 ],
    [ 4877, 3609 ],
    [ 4878, 7479 ],
    [ 4879, 185 ],
    [ 4880, 141 ],
    [ 4881, 9201 ],
    [ 4882, 5845 ],
    [ 4883, 2249 ],
    [ 4884, 22935 ],
    [ 4885, 6965 ],
    [ 4886, 6313 ],
    [ 4887, 10383 ],
    [ 4888, 8997 ],
    [ 4889, 3065 ],
    [ 4890, 997 ],
    [ 4891, 1883 ],
    [ 4892, 3277 ],
    [ 4893, 2405 ],
    [ 4894, 2079 ],
    [ 4895, 9701 ],
    [ 4896, 367 ],
    [ 4897, 5877 ],
    [ 4898, 6277 ],
    [ 4899, 1235 ],
    [ 4900, 147 ],
    [ 4901, 2931 ],
    [ 4902, 3675 ],
    [ 4903, 533 ],
    [ 4904, 925 ],
    [ 4905, 765 ],
    [ 4906, 93 ],
    [ 4907, 1461 ],
    [ 4908, 4875 ],
    [ 4909, 3839 ],
    [ 4910, 10749 ],
    [ 4911, 6443 ],
    [ 4912, 1273 ],
    [ 4913, 3471 ],
    [ 4914, 2413 ],
    [ 4915, 12993 ],
    [ 4916, 1507 ],
    [ 4917, 1349 ],
    [ 4918, 4987 ],
    [ 4919, 7541 ],
    [ 4920, 3031 ],
    [ 4921, 815 ],
    [ 4922, 505 ],
    [ 4923, 11169 ],
    [ 4924, 403 ],
    [ 4925, 3957 ],
    [ 4926, 2065 ],
    [ 4927, 1395 ],
    [ 4928, 15115 ],
    [ 4929, 5051 ],
    [ 4930, 6897 ],
    [ 4931, 3329 ],
    [ 4932, 4771 ],
    [ 4933, 5105 ],
    [ 4934, 11025 ],
    [ 4935, 3531 ],
    [ 4936, 2575 ],
    [ 4937, 11 ],
    [ 4938, 3657 ],
    [ 4939, 2243 ],
    [ 4940, 3577 ],
    [ 4941, 1055 ],
    [ 4942, 1339 ],
    [ 4943, 1289 ],
    [ 4944, 19833 ],
    [ 4945, 4451 ],
    [ 4946, 375 ],
    [ 4947, 4251 ],
    [ 4948, 25 ],
    [ 4949, 4181 ],
    [ 4950, 1299 ],
    [ 4951, 4449 ],
    [ 4952, 261 ],
    [ 4953, 4595 ],
    [ 4954, 1683 ],
    [ 4955, 6291 ],
    [ 4956, 241 ],
    [ 4957, 2387 ],
    [ 4958, 355 ],
    [ 4959, 1983 ],
    [ 4960, 121 ],
    [ 4961, 1707 ],
    [ 4962, 4047 ],
    [ 4963, 1253 ],
    [ 4964, 5887 ],
    [ 4965, 921 ],
    [ 4966, 3417 ],
    [ 4967, 2769 ],
    [ 4968, 21297 ],
    [ 4969, 171 ],
    [ 4970, 8985 ],
    [ 4971, 4559 ],
    [ 4972, 897 ],
    [ 4973, 1509 ],
    [ 4974, 283 ],
    [ 4975, 1593 ],
    [ 4976, 5241 ],
    [ 4977, 7347 ],
    [ 4978, 6625 ],
    [ 4979, 1161 ],
    [ 4980, 261 ],
    [ 4981, 4089 ],
    [ 4982, 3793 ],
    [ 4983, 4365 ],
    [ 4984, 15667 ],
    [ 4985, 2805 ],
    [ 4986, 327 ],
    [ 4987, 1773 ],
    [ 4988, 2781 ],
    [ 4989, 549 ],
    [ 4990, 3469 ],
    [ 4991, 341 ],
    [ 4992, 1617 ],
    [ 4993, 4619 ],
    [ 4994, 1429 ],
    [ 4995, 659 ],
    [ 4996, 87 ],
    [ 4997, 197 ],
    [ 4998, 8377 ],
    [ 4999, 3843 ],
    [ 5000, 2157 ]
]
