[
    1, 
    1, 
    1, 
    9, 
    7, 
    3, 
    3, 
    19, 
    7, 
    7, 
    19, 
    3, 
    39, 
    37, 
    31, 
    37, 
    61, 
    3, 
    3, 
    51, 
    39, 
    117, 
    9, 
    117, 
    7, 
    13, 
    67, 
    103, 
    331, 
    319, 
    57, 
    33, 
    49, 
    61, 
    193, 
    69, 
    67, 
    43, 
    133, 
    3, 
    121, 
    109, 
    63, 
    57, 
    31, 
    9, 
    121, 
    33, 
    193, 
    9, 
    151, 
    121, 
    327, 
    171, 
    31, 
    21, 
    3, 
    279, 
    159, 
    19, 
    7, 
    93, 
    447, 
    121, 
    57, 
    49, 
    49, 
    49, 
    99, 
    9, 
    33, 
    273, 
    39, 
    79, 
    207, 
    129, 
    133, 
    21, 
    93, 
    49, 
    129, 
    13, 
    391, 
    27, 
    261, 
    103, 
    151, 
    373, 
    181, 
    31, 
    289, 
    79, 
    399, 
    153, 
    97, 
    151, 
    127, 
    469, 
    49, 
    289, 
    267, 
    3, 
    117, 
    129, 
    267, 
    3, 
    79, 
    3, 
    19, 
    457, 
    7, 
    139, 
    207, 
    99, 
    271, 
    79, 
    93, 
    279, 
    709, 
    69, 
    79, 
    87, 
    1119, 
    3, 
    753, 
    237, 
    679, 
    283, 
    387, 
    459, 
    1113, 
    63, 
    169, 
    21, 
    7, 
    1143, 
    91, 
    283, 
    273, 
    513, 
    13, 
    129, 
    13, 
    81, 
    91, 
    73, 
    9, 
    987, 
    247, 
    183, 
    67, 
    901, 
    13, 
    87, 
    453, 
    189, 
    451, 
    583, 
    151, 
    187, 
    303, 
    403, 
    133, 
    217, 
    1527, 
    559, 
    267, 
    27, 
    1323, 
    37, 
    63, 
    193, 
    441, 
    337, 
    691, 
    339, 
    151, 
    723, 
    261, 
    979, 
    313, 
    217, 
    231, 
    999, 
    37, 
    927, 
    721, 
    163, 
    183, 
    181, 
    253, 
    57, 
    1153, 
    357, 
    951, 
    21, 
    39, 
    1107, 
    553, 
    153, 
    357, 
    97, 
    9, 
    181, 
    409, 
    483, 
    561, 
    163, 
    469, 
    103, 
    1129, 
    829, 
    237, 
    1027, 
    321, 
    201, 
    499, 
    169, 
    2319, 
    601, 
    427, 
    103, 
    7, 
    69, 
    139, 
    321, 
    229, 
    511, 
    37, 
    183, 
    753, 
    333, 
    1819, 
    151, 
    367, 
    213, 
    1081, 
    763, 
    691, 
    901, 
    1723, 
    97, 
    27, 
    759, 
    411, 
    117, 
    733, 
    651, 
    123, 
    1291, 
    1227, 
    391, 
    1599, 
    43, 
    267, 
    37, 
    141, 
    273, 
    133, 
    153, 
    49, 
    949, 
    741, 
    339, 
    1641, 
    261, 
    721, 
    1591, 
    501, 
    547, 
    361, 
    1191, 
    9, 
    663, 
    303, 
    693, 
    99, 
    1947, 
    273, 
    37, 
    13, 
    33, 
    1059, 
    399, 
    133, 
    399, 
    189, 
    231, 
    99, 
    1627, 
    279, 
    13, 
    303, 
    1617, 
    627, 
    423, 
    349, 
    271, 
    919, 
    669, 
    331, 
    531, 
    399, 
    237, 
    1549, 
    1089, 
    943, 
    657, 
    799, 
    1329, 
    733, 
    123, 
    81, 
    169, 
    2319, 
    1381, 
    627, 
    1159, 
    273, 
    1027, 
    699, 
    103, 
    781, 
    1921, 
    301, 
    649, 
    507, 
    2253, 
    1203, 
    549, 
    583, 
    1449, 
    921, 
    2389, 
    81, 
    483, 
    631, 
    181, 
    1497, 
    447, 
    1153, 
    831, 
    1243, 
    297, 
    1137, 
    1711, 
    2941, 
    103, 
    1557, 
    297, 
    133, 
    207, 
    1051, 
    1219, 
    1369, 
    129, 
    249, 
    21, 
    453, 
    693, 
    513, 
    589, 
    471, 
    667, 
    99, 
    117, 
    33, 
    217, 
    213, 
    1273, 
    2781, 
    129, 
    429, 
    387, 
    169, 
    1633, 
    1399, 
    579, 
    1893, 
    759, 
    387, 
    1939, 
    951, 
    291, 
    171, 
    1183, 
    763, 
    4449, 
    1617, 
    2241, 
    799, 
    477, 
    367, 
    453, 
    79, 
    109, 
    1321, 
    201, 
    829, 
    1311, 
    69, 
    1449, 
    807, 
    223, 
    63, 
    627, 
    13, 
    1053, 
    543, 
    387, 
    67, 
    231, 
    7, 
    3, 
    81, 
    1119, 
    123, 
    1141, 
    1321, 
    117, 
    1261, 
    129, 
    387, 
    1003, 
    627, 
    729, 
    3, 
    1443, 
    493, 
    957, 
    1587, 
    2059, 
    3901, 
    1609, 
    1149, 
    1081, 
    1743, 
    819, 
    537, 
    307, 
    709, 
    669, 
    961, 
    4593, 
    79, 
    1363, 
    1249, 
    759, 
    193, 
    99, 
    2269, 
    451, 
    1761, 
    363, 
    277, 
    147, 
    567, 
    499, 
    217, 
    523, 
    111, 
    777, 
    963, 
    3307, 
    639, 
    387, 
    1587, 
    363, 
    301, 
    31, 
    829, 
    1351, 
    1569, 
    99, 
    267, 
    217, 
    1723, 
    3391, 
    3603, 
    109, 
    2941, 
    733, 
    177, 
    1707, 
    67, 
    4891, 
    2731, 
    439, 
    961, 
    2109, 
    379, 
    1609, 
    427, 
    1623, 
    657, 
    1021, 
    1749, 
    591, 
    1527, 
    153, 
    961, 
    151, 
    1603, 
    523, 
    1713, 
    937, 
    493, 
    831, 
    1239, 
    657, 
    2523, 
    241, 
    231, 
    121, 
    2709, 
    2701, 
    79, 
    3157, 
    2323, 
    33, 
    343, 
    6537, 
    1713, 
    2991, 
    781, 
    559, 
    1801, 
    1177, 
    243, 
    181, 
    913, 
    1203, 
    33, 
    673, 
    3943, 
    3759, 
    1647, 
    3061, 
    1353, 
    1687, 
    2227, 
    733, 
    1677, 
    231, 
    1339, 
    649, 
    1291, 
    961, 
    487, 
    789, 
    2589, 
    817, 
    1699, 
    217, 
    937, 
    151, 
    2589, 
    1501, 
    2619, 
    1731, 
    847, 
    1789, 
    207, 
    1131, 
    2691, 
    171, 
    609, 
    3129, 
    501, 
    769, 
    667, 
    1869, 
    2961, 
    549, 
    19, 
    183, 
    3117, 
    4791, 
    2743, 
    2881, 
    789, 
    1581, 
    339, 
    2277, 
    829, 
    4419, 
    5049, 
    567, 
    267, 
    97, 
    169, 
    2247, 
    939, 
    1527, 
    789, 
    297, 
    1513, 
    4639, 
    421, 
    2161, 
    543, 
    1443, 
    2271, 
    103, 
    861, 
    279, 
    1821, 
    681, 
    567, 
    853, 
    103, 
    487, 
    1411, 
    493, 
    2629, 
    319, 
    2877, 
    2607, 
    2853, 
    621, 
    717, 
    613, 
    441, 
    1561, 
    187, 
    2203, 
    853, 
    3001, 
    2799, 
    19, 
    6883, 
    943, 
    37, 
    219, 
    2347, 
    879, 
    2739, 
    1107, 
    2323, 
    1269, 
    1983, 
    3003, 
    1003, 
    1741, 
    909, 
    109, 
    721, 
    5629, 
    243, 
    609, 
    1999, 
    247, 
    6249, 
    1963, 
    1089, 
    843, 
    3159, 
    1791, 
    51, 
    937, 
    1887, 
    313, 
    309, 
    6333, 
    3721, 
    123, 
    5289, 
    1423, 
    2593, 
    483, 
    187, 
    1207, 
    1383, 
    1291, 
    1347, 
    697, 
    39, 
    5593, 
    393, 
    399, 
    2277, 
    237, 
    291, 
    1599, 
    2461, 
    1683, 
    3403, 
    849, 
    4057, 
    1063, 
    3297, 
    1939, 
    3759, 
    1227, 
    1239, 
    73, 
    61, 
    1657, 
    1633, 
    1279, 
    7, 
    1377, 
    939, 
    157, 
    211, 
    1339, 
    1569, 
    349, 
    2931, 
    807, 
    171, 
    2359, 
    1029, 
    2299, 
    3117, 
    1861, 
    4369, 
    2901, 
    5863, 
    4807, 
    469, 
    3321, 
    4017, 
    3841, 
    3987, 
    6861, 
    1263, 
    273, 
    2983, 
    819, 
    1441, 
    1111, 
    91, 
    741, 
    489, 
    1609, 
    5077, 
    5461, 
    2151, 
    61, 
    283, 
    1533, 
    4143, 
    609, 
    679, 
    1279, 
    1413, 
    2457, 
    279, 
    823, 
    897, 
    283, 
    123, 
    283, 
    217, 
    2133, 
    1711, 
    2787, 
    1219, 
    531, 
    253, 
    1237, 
    5029, 
    427, 
    231, 
    1971, 
    3907, 
    1131, 
    949, 
    681, 
    139, 
    63, 
    3589, 
    957, 
    2163, 
    33, 
    1777, 
    1503, 
    709, 
    3889, 
    2847, 
    49, 
    541, 
    301, 
    111, 
    3529, 
    651, 
    3171, 
    139, 
    5613, 
    1191, 
    669, 
    751, 
    2661, 
    6789, 
    601, 
    4579, 
    1011, 
    187, 
    2409, 
    1537, 
    2239, 
    3271, 
    1383, 
    1113, 
    1861, 
    301, 
    3339, 
    3301, 
    1159, 
    1591, 
    1687, 
    1387, 
    621, 
    861, 
    4417, 
    553, 
    1567, 
    633, 
    10443, 
    433, 
    241, 
    453, 
    5691, 
    181, 
    2233, 
    1491, 
    7563, 
    1083, 
    4597, 
    2853, 
    1017, 
    5199, 
    99, 
    891, 
    79, 
    2809, 
    291, 
    247, 
    979, 
    4683, 
    421, 
    1129, 
    217, 
    177, 
    271, 
    733, 
    357, 
    301, 
    987, 
    1021, 
    927, 
    633, 
    381, 
    4701, 
    151, 
    5359, 
    409, 
    3199, 
    457, 
    2907, 
    2911, 
    1831, 
    1011, 
    3663, 
    1287, 
    2857, 
    1369, 
    2697, 
    907, 
    4519, 
    1473, 
    9621, 
    933, 
    2553, 
    9883, 
    691, 
    973, 
    829, 
    1423, 
    1819, 
    241, 
    2839, 
    6181, 
    759, 
    5161, 
    79, 
    493, 
    1519, 
    1983, 
    699, 
    597, 
    271, 
    937, 
    2739, 
    1011, 
    1119, 
    609, 
    5839, 
    201, 
    1873, 
    4011, 
    1683, 
    1021, 
    597, 
    4077, 
    403, 
    3871, 
    1113, 
    3567, 
    2191, 
    559, 
    2233, 
    1561, 
    909, 
    4087, 
    2809, 
    693, 
    3819, 
    1003, 
    601, 
    1777, 
    357, 
    4389, 
    4797, 
    2101, 
    5733, 
    2287, 
    331, 
    1797, 
    159, 
    943, 
    6103, 
    1551, 
    97, 
    1939, 
    2479, 
    5199, 
    249, 
    3007, 
    5047, 
    879, 
    829, 
    11467, 
    507, 
    1207, 
    4219, 
    2691, 
    607, 
    3681, 
    4273, 
    2061, 
    4827, 
    259, 
    1129, 
    2703, 
    4059, 
    1411, 
    973, 
    211, 
    501, 
    1077, 
    1431, 
    597, 
    651, 
    2229, 
    4749, 
    687, 
    2557, 
    433, 
    303, 
    411, 
    67, 
    121, 
    5383, 
    4081, 
    961, 
    229, 
    1867, 
    2613, 
    2989, 
    3831, 
    727, 
    2191, 
    1867, 
    1039, 
    997, 
    1771, 
    753, 
    1503, 
    1197, 
    547, 
    421, 
    7443, 
    831, 
    2013, 
    8823, 
    2437, 
    837, 
    7, 
    453, 
    9337, 
    1383, 
    69, 
    613, 
    1063, 
    151, 
    3189, 
    3417, 
    51, 
    207, 
    4953, 
    3781, 
    777, 
    4833, 
    1029, 
    1821, 
    4381, 
    3157, 
    9541, 
    793, 
    1609, 
    853, 
    3259, 
    1351, 
    1221, 
    4527, 
    4513, 
    1581, 
    1621, 
    3759, 
    11161, 
    1681, 
    411, 
    301, 
    2019, 
    771, 
    931, 
    1237, 
    1513, 
    3621, 
    271, 
    2209, 
    6201, 
    1081, 
    933, 
    469, 
    1623, 
    331, 
    181, 
    1093, 
    2319, 
    1771, 
    889, 
    2007, 
    2731, 
    253, 
    741, 
    723, 
    5793, 
    1327, 
    1987, 
    849, 
    2269, 
    1983, 
    489, 
    3067, 
    619, 
    693, 
    19, 
    51, 
    249, 
    757, 
    6987, 
    583, 
    8209, 
    1431, 
    741, 
    2589, 
    183, 
    3291, 
    2401, 
    4563, 
    1887, 
    5083, 
    2611, 
    1653, 
    1483, 
    709, 
    5997, 
    3669, 
    4023, 
    6121, 
    1119, 
    3573, 
    151, 
    7579, 
    1429, 
    427, 
    73, 
    1107, 
    3217, 
    4797, 
    1693, 
    6249, 
    4947, 
    907, 
    1501, 
    1659, 
    1869, 
    2527, 
    577, 
    5011, 
    1381, 
    1131, 
    391, 
    2649, 
    409, 
    2233, 
    2869, 
    5299, 
    1021, 
    159, 
    4921, 
    3807, 
    4653, 
    289, 
    3277, 
    5863, 
    43, 
    7471, 
    319, 
    1149, 
    1527, 
    2467, 
    4437, 
    1119, 
    10603, 
    1741, 
    3007, 
    357, 
    7381, 
    4329, 
    427, 
    1171, 
    6877, 
    3801, 
    7033, 
    447, 
    1381, 
    8479, 
    97, 
    4093, 
    1113, 
    363, 
    511, 
    9933, 
    14883, 
    1359, 
    2731, 
    14809, 
    207, 
    1779, 
    10381, 
    4359, 
    3867, 
    11293, 
    1131, 
    3439, 
    6189, 
    5271, 
    99, 
    8443, 
    2607, 
    9249, 
    3811, 
    997, 
    871, 
    2827, 
    97, 
    951, 
    343, 
    6241, 
    4611, 
    93, 
    4653, 
    147, 
    1239, 
    4777, 
    477, 
    3157, 
    2253, 
    523, 
    4641, 
    409, 
    5997, 
    501, 
    6373, 
    987, 
    3937, 
    5227, 
    187, 
    1389, 
    597, 
    499, 
    2043, 
    927, 
    2011, 
    1873, 
    259, 
    289, 
    2863, 
    1503, 
    3979, 
    1393, 
    6327, 
    529, 
    2337, 
    3063, 
    1333, 
    1761, 
    1263, 
    1467, 
    469, 
    2509, 
    49, 
    2433, 
    2943, 
    8247, 
    103, 
    189, 
    6333, 
    7329, 
    1269, 
    4501, 
    2343, 
    499, 
    10251, 
    2101, 
    3387, 
    3199, 
    6543, 
    2949, 
    87, 
    5209, 
    2271, 
    1519, 
    10111, 
    799, 
    583, 
    309, 
    3463, 
    2083, 
    4893, 
    2763, 
    2331, 
    3597, 
    4003, 
    421, 
    4873, 
    7387, 
    303, 
    163, 
    1131, 
    4543, 
    2413, 
    2619, 
    567, 
    1159, 
    1377, 
    5221, 
    5109, 
    4083, 
    4251, 
    3237, 
    9627, 
    1617, 
    1183, 
    6297, 
    10279, 
    2299, 
    1161, 
    5823, 
    483, 
    2857, 
    4303, 
    2323, 
    4189, 
    3799, 
    9259, 
    2643, 
    283, 
    1983, 
    2209, 
    9073, 
    5169, 
    3369, 
    2163, 
    151, 
    3289, 
    11523, 
    501, 
    2007, 
    729, 
    7701, 
    10101, 
    1897, 
    151, 
    1003, 
    699, 
    643, 
    1663, 
    1579, 
    729, 
    3931, 
    1923, 
    7107, 
    609, 
    289, 
    511, 
    3927, 
    2383, 
    2107, 
    3663, 
    2599, 
    1917, 
    907, 
    163, 
    1471, 
    933, 
    4897, 
    1147, 
    6493, 
    829, 
    3159, 
    2331, 
    1087, 
    6307, 
    15117, 
    2953, 
    1623, 
    3159, 
    6721, 
    729, 
    609, 
    3313, 
    2241, 
    3049, 
    3361, 
    613, 
    271, 
    363, 
    8709, 
    3337, 
    273, 
    2031, 
    1563, 
    2017, 
    331, 
    553, 
    9189, 
    4099, 
    1137, 
    1099, 
    1387, 
    1449, 
    1647, 
    1611, 
    393, 
    2659, 
    1899, 
    451, 
    3781, 
    273, 
    1411, 
    1347, 
    711, 
    1017, 
    4543, 
    1687, 
    2137, 
    567, 
    541, 
    7, 
    2563, 
    1807, 
    387, 
    411, 
    1801, 
    1083, 
    609, 
    103, 
    327, 
    121, 
    3583, 
    1623, 
    3477, 
    1363, 
    1503, 
    3687, 
    13317, 
    10549, 
    783, 
    3093, 
    6597, 
    4329, 
    7477, 
    1371, 
    559, 
    183, 
    3397, 
    307, 
    20853, 
    1491, 
    579, 
    2499, 
    2161, 
    5103, 
    841, 
    8781, 
    13123, 
    2911, 
    1629, 
    607, 
    573, 
    6957, 
    4803, 
    123, 
    3319, 
    681, 
    1519, 
    1419, 
    7441, 
    1141, 
    1059, 
    10449, 
    5881, 
    2847, 
    643, 
    1527, 
    19521, 
    43, 
    6087, 
    201, 
    1233, 
    4141, 
    5847, 
    8641, 
    1527, 
    2989, 
    3423, 
    3447, 
    2359, 
    1819, 
    63, 
    2943, 
    9127, 
    9987, 
    6727, 
    489, 
    391, 
    8169, 
    5451, 
    2877, 
    3063, 
    1279, 
    1339, 
    1503, 
    1267, 
    3573, 
    3883, 
    1191, 
    5959, 
    1371, 
    279, 
    6751, 
    6331, 
    261, 
    213, 
    3447, 
    2931, 
    3549, 
    3733, 
    3909, 
    9951, 
    20751, 
    1023, 
    4483, 
    5131, 
    5487, 
    2953, 
    1351, 
    1261, 
    6123, 
    4093, 
    3493, 
    10347, 
    1389, 
    3939, 
    2001, 
    2329, 
    7947, 
    1813, 
    439, 
    2217, 
    207, 
    3463, 
    3739, 
    639, 
    3189, 
    441, 
    1863, 
    1111, 
    709, 
    429, 
    4917, 
    229, 
    4207, 
    1381, 
    4147, 
    1813, 
    1099, 
    4101, 
    69, 
    5023, 
    1149, 
    4603, 
    9877, 
    39, 
    4491, 
    2611, 
    1653, 
    3003, 
    4141, 
    2409, 
    4009, 
    913, 
    21, 
    2289, 
    7137, 
    393, 
    8421, 
    837, 
    8619, 
    5943, 
    6463, 
    4293, 
    4903, 
    1047, 
    8281, 
    1399, 
    2337, 
    147, 
    213, 
    2217, 
    3069, 
    1633, 
    7521, 
    4381, 
    3469, 
    607, 
    1777, 
    2059, 
    2929, 
    343, 
    1371, 
    33, 
    8487, 
    5671, 
    4651, 
    667, 
    5587, 
    5889, 
    1461, 
    1441, 
    1579, 
    2451, 
    6229, 
    4539, 
    1681, 
    7387, 
    3267, 
    763, 
    1131, 
    2031, 
    4749, 
    3411, 
    2607, 
    819, 
    483, 
    2553, 
    7521, 
    6003, 
    6849, 
    8961, 
    13681, 
    5077, 
    273, 
    2737, 
    553, 
    1023, 
    1459, 
    3543, 
    1291, 
    309, 
    6829, 
    6741, 
    6793, 
    8673, 
    2943, 
    4137, 
    4221, 
    2829, 
    1693, 
    2377, 
    2557, 
    1303, 
    12499, 
    6829, 
    2967, 
    8881, 
    2899, 
    4077, 
    907, 
    1189, 
    12291, 
    3577, 
    33, 
    949, 
    7651, 
    3127, 
    14239, 
    159, 
    1413, 
    787, 
    2923, 
    411, 
    1173, 
    8719, 
    673, 
    1821, 
    2403, 
    3757, 
    3021, 
    4057, 
    927, 
    7227, 
    193, 
    1761, 
    123, 
    709, 
    1617, 
    1749, 
    789, 
    4827, 
    3679, 
    3573, 
    2287, 
    7143, 
    7719, 
    1689, 
    3273, 
    5113, 
    3351, 
    1423, 
    523, 
    501, 
    9003, 
    8067, 
    10509, 
    183, 
    4963, 
    5787, 
    5383, 
    2329, 
    2029, 
    4537, 
    2643, 
    8971, 
    3679, 
    3063, 
    2263, 
    727, 
    361, 
    259, 
    621, 
    579, 
    9591, 
    889, 
    681, 
    3193, 
    6199, 
    4389, 
    2739, 
    2073, 
    4881, 
    63, 
    2103, 
    1437, 
    511, 
    469, 
    20733, 
    981, 
    2881, 
    397, 
    1287, 
    2037, 
    6937, 
    643, 
    2859, 
    931, 
    2803, 
    2179, 
    1689, 
    1443, 
    487, 
    997, 
    2217, 
    3349, 
    1017, 
    1471, 
    10311, 
    1831, 
    3237, 
    903, 
    481, 
    1129, 
    10059, 
    17437, 
    4081, 
    1267, 
    51, 
    99, 
    1839, 
    2119, 
    789, 
    2439, 
    3357, 
    3423, 
    1483, 
    4329, 
    2859, 
    6981, 
    13543, 
    2149, 
    6489, 
    4219, 
    8529, 
    6243, 
    1323, 
    3159, 
    2299, 
    2271, 
    4809, 
    2673, 
    4779, 
    6363, 
    3853, 
    1629, 
    19, 
    1929, 
    9013, 
    26259, 
    843, 
    61, 
    11347, 
    2239, 
    1473, 
    5773, 
    621, 
    2481, 
    10419, 
    297, 
    1339, 
    811, 
    10977, 
    8587, 
    49, 
    501, 
    4623, 
    849, 
    2607, 
    889, 
    2281, 
    627, 
    5119, 
    4933, 
    1111, 
    5497, 
    1483, 
    1249, 
    1077, 
    4611, 
    6871, 
    3567, 
    6093, 
    4713, 
    1407, 
    1471, 
    1953, 
    8347, 
    11227, 
    801, 
    1777, 
    669, 
    7773, 
    1773, 
    1413, 
    721, 
    1089, 
    321, 
    273, 
    919, 
    171, 
    597, 
    459, 
    4011, 
    5307, 
    3243, 
    2299, 
    2533, 
    16503, 
    4219, 
    2703, 
    2263, 
    3909, 
    1761, 
    4351, 
    11569, 
    2761, 
    15627, 
    17751, 
    2121, 
    3231, 
    4881, 
    4267, 
    5577, 
    1477, 
    1089, 
    6013, 
    1959, 
    1929, 
    11917, 
    8641, 
    991, 
    3093, 
    4713, 
    17287, 
    4821, 
    2241, 
    8899, 
    1957, 
    9387, 
    8907, 
    1549, 
    7659, 
    969, 
    1579, 
    8779, 
    1467, 
    18159, 
    9147, 
    2517, 
    12513, 
    17283, 
    10729, 
    5467, 
    9669, 
    471, 
    5311, 
    9093, 
    1369, 
    15607, 
    18121, 
    4981, 
    7521, 
    2307, 
    5463, 
    13833, 
    3093, 
    1243, 
    121, 
    1303, 
    2923, 
    2301, 
    853, 
    427, 
    7023, 
    489, 
    3001, 
    2073, 
    18273, 
    3109, 
    5239, 
    1597, 
    1447, 
    1929, 
    2907, 
    17319, 
    2863, 
    1593, 
    6879, 
    2179, 
    5959, 
    1731, 
    4167, 
    273, 
    3291, 
    7813, 
    1539, 
    11559, 
    4179, 
    79, 
    1767, 
    2791, 
    261, 
    801, 
    741, 
    2827, 
    3991, 
    4719, 
    2607, 
    1173, 
    39, 
    849, 
    5151, 
    919, 
    1039, 
    2547, 
    763, 
    5919, 
    8791, 
    397, 
    7567, 
    1939, 
    1669, 
    3691, 
    1141, 
    973, 
    147, 
    2781, 
    1329, 
    67, 
    1279, 
    3559, 
    5643, 
    2277, 
    6123, 
    9651, 
    1419, 
    6249, 
    763, 
    3367, 
    237, 
    11233, 
    1597, 
    541, 
    6669, 
    4363, 
    2229, 
    687, 
    2889, 
    2851, 
    2571, 
    9051, 
    2617, 
    11029, 
    3979, 
    621, 
    5377, 
    2247, 
    3567, 
    10639, 
    1551, 
    1501, 
    1807, 
    1581, 
    1069, 
    4789, 
    6973, 
    171, 
    2679, 
    2569, 
    5791, 
    8919, 
    3387, 
    9031, 
    1489, 
    4279, 
    5551, 
    1117, 
    13783, 
    1461, 
    8071, 
    697, 
    14167, 
    13137, 
    6123, 
    669, 
    7321, 
    4561, 
    5037, 
    17589, 
    9073, 
    4863, 
    141, 
    2247, 
    4471, 
    453, 
    1833, 
    5467, 
    1213, 
    1921, 
    1393, 
    9703, 
    823, 
    1929, 
    3417, 
    1117, 
    1447, 
    6987, 
    3403, 
    1149, 
    49, 
    2911, 
    6741, 
    4507, 
    2803, 
    3003, 
    22587, 
    1093, 
    5109, 
    1537, 
    2917, 
    93, 
    591, 
    9121, 
    327, 
    40599, 
    11887, 
    6931, 
    2589, 
    1449, 
    18771, 
    5871, 
    2511, 
    8251, 
    2823, 
    987, 
    4573, 
    8643, 
    8133, 
    2929, 
    2431, 
    4813, 
    1819, 
    10903, 
    357, 
    2629, 
    1941, 
    31, 
    6607, 
    5527, 
    19, 
    1537, 
    2017, 
    1411, 
    5109, 
    3609, 
    987, 
    471, 
    7201, 
    447, 
    3021, 
    4419, 
    14137, 
    2301, 
    1099, 
    4117, 
    6429, 
    639, 
    519, 
    9537, 
    7117, 
    7441, 
    2361, 
    6147, 
    12571, 
    8907, 
    597, 
    403, 
    2517, 
    1131, 
    3889, 
    6799, 
    15739, 
    3543, 
    6463, 
    12511, 
    6243, 
    8251, 
    1029, 
    1897, 
    513, 
    999, 
    11847, 
    4777, 
    3379, 
    5341, 
    9477, 
    7371, 
    333, 
    847, 
    5917, 
    6427, 
    9529, 
    10611, 
    2997, 
    1027, 
    10123, 
    6703, 
    1323, 
    2781, 
    2811, 
    3729, 
    5257, 
    13743, 
    8409, 
    4359, 
    22897, 
    3049, 
    1021, 
    883, 
    4783, 
    10591, 
    7287, 
    631, 
    261, 
    1677, 
    559, 
    12417, 
    817, 
    6253, 
    811, 
    6717, 
    8851, 
    1111, 
    2229, 
    11499, 
    57, 
    4249, 
    16659, 
    8539, 
    3097, 
    8143, 
    121, 
    1021, 
    411, 
    10011, 
    4917, 
    313, 
    489, 
    2283, 
    2557, 
    5901, 
    1581, 
    469, 
    12841, 
    13413, 
    621, 
    6579, 
    103, 
    10909, 
    9789, 
    1579, 
    2799, 
    5703, 
    7153, 
    2509, 
    469, 
    2697, 
    6283, 
    22161, 
    493, 
    3679, 
    7593, 
    1977, 
    4399, 
    9081, 
    9513, 
    7849, 
    591, 
    1449, 
    3871, 
    10743, 
    1819, 
    1281, 
    10947, 
    4701, 
    4591, 
    2281, 
    3991, 
    3781, 
    1869, 
    1717, 
    973, 
    3781, 
    6789, 
    2061, 
    391, 
    273, 
    2221, 
    7093, 
    409, 
    1599, 
    259, 
    1651, 
    541, 
    1447, 
    627, 
    6339, 
    1969, 
    3091, 
    6087, 
    663, 
    69, 
    8499, 
    1473, 
    5679, 
    3049, 
    37, 
    11737, 
    8023, 
    14883, 
    14443, 
    817, 
    3171, 
    1173, 
    37, 
    9471, 
    18931, 
    2097, 
    1441, 
    11973, 
    4581, 
    3699, 
    10683, 
    33, 
    2433, 
    6229, 
    6903, 
    1521, 
    399, 
    22663, 
    81, 
    3487, 
    5373, 
    9189, 
    4621, 
    3349, 
    1197, 
    5557, 
    15381, 
    391, 
    15229, 
    2379, 
    2917, 
    1039, 
    1431, 
    4593, 
    3747, 
    6109, 
    12859, 
    6259, 
    667, 
    6109, 
    163, 
    17961, 
    1119, 
    1291, 
    6553, 
    7909, 
    2121, 
    13629, 
    11971, 
    237, 
    9039, 
    3921, 
    6331, 
    3721, 
    481, 
    7231, 
    99, 
    20937, 
    12733, 
    3441, 
    4921, 
    10377, 
    11821, 
    3199, 
    499, 
    5893, 
    5289, 
    103, 
    667, 
    18081, 
    471, 
    2403, 
    1351, 
    1663, 
    4279, 
    22119, 
    1063, 
    619, 
    12961, 
    2259, 
    957, 
    4879, 
    4921, 
    679, 
    3829, 
    1039, 
    4893, 
    1483, 
    559, 
    471, 
    1593, 
    11809, 
    7329, 
    5901, 
    669, 
    3883, 
    9007, 
    3001, 
    4989, 
    261, 
    1347, 
    849, 
    3379, 
    937, 
    301, 
    4629, 
    3507, 
    10897, 
    13801, 
    4717, 
    10417, 
    5553, 
    2113, 
    10383, 
    2179, 
    6481, 
    2101, 
    957, 
    363, 
    15811, 
    11799, 
    5799, 
    17427, 
    2439, 
    2323, 
    8169, 
    10599, 
    3121, 
    27589, 
    1021, 
    13569, 
    6759, 
    4099, 
    8083, 
    651, 
    9669, 
    2143, 
    11757, 
    4359, 
    4183, 
    1863, 
    3157, 
    2173, 
    12457, 
    6117, 
    18763, 
    7723, 
    3681, 
    1093, 
    367, 
    9001, 
    10041, 
    193, 
    6487, 
    2809, 
    10717, 
    3901, 
    2607, 
    3127, 
    1653, 
    699, 
    5761, 
    11631, 
    3069, 
    5299, 
    3303, 
    1963, 
    8949, 
    4957, 
    7071, 
    1087, 
    3853, 
    8121, 
    4281, 
    13069, 
    49, 
    1999, 
    153, 
    8257, 
    3399, 
    1617, 
    8959, 
    4659, 
    14143, 
    3699, 
    139, 
    9531, 
    1393, 
    14317, 
    643, 
    3693, 
    207, 
    7027, 
    4053, 
    4987, 
    1549, 
    6229, 
    4527, 
    2359, 
    2169, 
    2893, 
    2233, 
    9907, 
    2473, 
    4879, 
    16191, 
    6571, 
    9009, 
    4783, 
    5439, 
    9057, 
    7837, 
    487, 
    8871, 
    13293, 
    8907, 
    3063, 
    4437, 
    583, 
    909, 
    12873, 
    9319, 
    7491, 
    6229, 
    927, 
    1479, 
    19597, 
    2527, 
    1629, 
    20691, 
    2559, 
    7863, 
    913, 
    1491, 
    4713, 
    1281, 
    10707, 
    4707, 
    8613, 
    27051, 
    3129, 
    6027, 
    18469, 
    7909, 
    6853, 
    2221, 
    837, 
    14167, 
    3369, 
    6357, 
    13471, 
    9433, 
    2197, 
    8607, 
    2343, 
    6517, 
    6853, 
    4693, 
    5611, 
    23493, 
    2457, 
    1273, 
    9523, 
    7131, 
    11859, 
    2517, 
    11359, 
    1743, 
    18937, 
    321, 
    2827, 
    7603, 
    14661, 
    799, 
    12817, 
    18879, 
    2343, 
    7213, 
    11727, 
    12763, 
    1663, 
    3931, 
    13497, 
    3717, 
    2289, 
    2001, 
    259, 
    13999, 
    10161, 
    3141, 
    2787, 
    3783, 
    867, 
    753, 
    5461, 
    5527, 
    4321, 
    1683, 
    4353, 
    1063, 
    2631, 
    9051, 
    5349, 
    729, 
    4539, 
    6783, 
    10359, 
    409, 
    1953, 
    7341, 
    5671, 
    2389, 
    9603, 
    3651, 
    1629, 
    5803, 
    2103, 
    1287, 
    2977, 
    5997, 
    7269, 
    3153, 
    2043, 
    9723, 
    26703, 
    7743, 
    7723, 
    4009, 
    5193, 
    7101, 
    553, 
    12817, 
    697, 
    313, 
    7407, 
    6549, 
    4471, 
    5737, 
    913, 
    1003, 
    7681, 
    61, 
    9001, 
    5587, 
    1081, 
    1237, 
    3573, 
    13939, 
    2329, 
    13297, 
    4483, 
    1179, 
    10927, 
    6171, 
    14329, 
    1561, 
    6069, 
    5871, 
    7489, 
    4983, 
    7623, 
    3127, 
    403, 
    6363, 
    6927, 
    5911, 
    5161, 
    1473, 
    9207, 
    933, 
    37, 
    3, 
    9681, 
    3871, 
    11883, 
    5641, 
    17713, 
    231, 
    7009, 
    487, 
    471, 
    649, 
    11397, 
    627, 
    9121, 
    1099, 
    11523, 
    1183, 
    6771, 
    3117, 
    5077, 
    937, 
    3391, 
    21, 
    3991, 
    29703, 
    24291, 
    883, 
    4617, 
    5551, 
    4041, 
    109, 
    1447, 
    18477, 
    10129, 
    5013, 
    25423, 
    6213, 
    12093, 
    4849, 
    751, 
    223, 
    15793, 
    453, 
    1929, 
    2511, 
    6891, 
    33, 
    2239, 
    121, 
    589, 
    3553, 
    8461, 
    2283, 
    1387, 
    5311, 
    363, 
    6783, 
    10809, 
    1683, 
    1893, 
    3603, 
    10497, 
    9651, 
    6133, 
    6433, 
    6589, 
    15483, 
    2289, 
    1797, 
    5041, 
    2821, 
    811, 
    103, 
    9507, 
    379, 
    19, 
    18423, 
    5083, 
    11161, 
    117, 
    7651, 
    963, 
    7533, 
    6271, 
    18763, 
    3439, 
    153, 
    81, 
    8899, 
    16747, 
    10317, 
    4221, 
    8203, 
    3813, 
    27603, 
    23149, 
    1861, 
    3961, 
    14847, 
    7429, 
    2257, 
    741, 
    16933, 
    14461, 
    9169, 
    633, 
    5641, 
    9787, 
    15351, 
    8541, 
    9079, 
    501, 
    1287, 
    11871, 
    1323, 
    8853, 
    7351, 
    4741, 
    3267, 
    4767, 
    5637, 
    3439, 
    6501, 
    9, 
    27181, 
    6147, 
    19147, 
    12303, 
    10387, 
    9403, 
    12073, 
    12397, 
    1279, 
    1299, 
    4327, 
    6637, 
    819, 
    9823, 
    2187, 
    3459, 
    2143, 
    11541, 
    12187, 
    1261, 
    4591, 
    847, 
    543, 
    4821, 
    2107, 
    861, 
    9799, 
    3229, 
    3009, 
    2457, 
    433, 
    5641, 
    5823, 
    949, 
    19429, 
    8017, 
    2137, 
    9303, 
    13087, 
    6787, 
    19303, 
    13933, 
    4593, 
    12967, 
    7201, 
    601, 
    1249, 
    8433, 
    4551, 
    2691, 
    3621, 
    1339, 
    8457, 
    2163, 
    2901, 
    1389, 
    6621, 
    4857, 
    10399, 
    2433, 
    19363, 
    2547, 
    2259, 
    8721, 
    16819, 
    6693, 
    3993, 
    1987, 
    3931, 
    4327, 
    3783, 
    1927, 
    2569, 
    811, 
    22561, 
    589, 
    2889, 
    2011, 
    7849, 
    1567, 
    8931, 
    8917, 
    403, 
    8089, 
    1279, 
    1849, 
    17467, 
    3369, 
    15681, 
    4719, 
    14089, 
    451, 
    5467, 
    10599, 
    16639, 
    3087, 
    2227, 
    1677, 
    10483, 
    2277, 
    9183, 
    12441, 
    2281, 
    931, 
    1741, 
    40059, 
    10587, 
    361, 
    3691, 
    5473, 
    9, 
    10297, 
    123, 
    1771, 
    16723, 
    13321, 
    2109, 
    1213, 
    16113, 
    1437, 
    1921, 
    5671, 
    10537, 
    4081, 
    13101, 
    1069, 
    1549, 
    379, 
    3267, 
    1153, 
    403, 
    5427, 
    4593, 
    3633, 
    4647, 
    16111, 
    1681, 
    14707, 
    789, 
    2101, 
    1477, 
    3721, 
    8349, 
    6627, 
    11791, 
    1339, 
    1599, 
    1657, 
    1383, 
    1677, 
    3699, 
    10891, 
    5091, 
    399, 
    3561, 
    9961, 
    4261, 
    4777, 
    18711, 
    4983, 
    987, 
    1837, 
    10401, 
    12877, 
    7039, 
    3681, 
    22477, 
    4917, 
    51, 
    7333, 
    11949, 
    7527, 
    421, 
    10003, 
    4581, 
    3159, 
    6439, 
    12559, 
    3721, 
    8047, 
    4983, 
    4197, 
    9567, 
    1899, 
    1489, 
    1347, 
    7143, 
    3723, 
    19081, 
    5529, 
    2989, 
    21901, 
    6547, 
    32323, 
    18403, 
    6823, 
    5979, 
    4737, 
    12003, 
    1471, 
    1791, 
    8661, 
    5463, 
    3411, 
    4777, 
    4207, 
    2337, 
    1027, 
    5263, 
    16021, 
    14877, 
    10587, 
    7717, 
    459, 
    259, 
    7387, 
    24969, 
    5259, 
    6883, 
    123, 
    12831, 
    21861, 
    9211, 
    1413, 
    861, 
    6183, 
    5971, 
    5349, 
    5563, 
    5817, 
    777, 
    13027, 
    3351, 
    2307, 
    9423, 
    3381, 
    14233, 
    6117, 
    3601, 
    2031, 
    5041, 
    16869, 
    21963, 
    8191, 
    4341, 
    267, 
    11643, 
    871, 
    2629, 
    2379, 
    169, 
    10543, 
    2803, 
    567, 
    31, 
    5649, 
    1207, 
    7233, 
    16449, 
    6631, 
    10867, 
    1923, 
    1671, 
    7401, 
    3321, 
    253, 
    19611, 
    2329, 
    1887, 
    1027, 
    5113, 
    519, 
    8853, 
    12199, 
    9601, 
    8421, 
    3517, 
    5053, 
    1287, 
    4947, 
    16387, 
    11739, 
    4441, 
    5281, 
    2013, 
    1779, 
    1653, 
    823, 
    13519, 
    39879, 
    7051, 
    24733, 
    1357, 
    3979, 
    3481, 
    3531, 
    7389, 
    5073, 
    7879, 
    3097, 
    11143, 
    17217, 
    721, 
    14517, 
    3781, 
    6561, 
    20209, 
    8437, 
    4207, 
    3523, 
    4933, 
    2541, 
    10321, 
    3811, 
    9207, 
    2641, 
    3801, 
    10071, 
    699, 
    519, 
    14083, 
    16531, 
    28111, 
    8113, 
    13947, 
    4617, 
    9487, 
    9139, 
    10801, 
    1953, 
    2599, 
    2271, 
    10779, 
    6351, 
    16731, 
    14697, 
    1461, 
    6349, 
    7719, 
    649, 
    1099, 
    10921, 
    1567, 
    5533, 
    7093, 
    15699, 
    31623, 
    193, 
    631, 
    8301, 
    219, 
    301, 
    657, 
    8947, 
    2073, 
    1117, 
    19101, 
    6189, 
    673, 
    4569, 
    3139, 
    6553, 
    1039, 
    217, 
    6751, 
    861, 
    6537, 
    3931, 
    1381, 
    7989, 
    1161, 
    1261, 
    1339, 
    10621, 
    10183, 
    5713, 
    11269, 
    15579, 
    3039, 
    7023, 
    2359, 
    4753, 
    3583, 
    6183, 
    9343, 
    10359, 
    1969, 
    9991, 
    13017, 
    79, 
    1731, 
    15739, 
    1537, 
    18627, 
    7123, 
    1509, 
    1477, 
    15217, 
    13591, 
    33441, 
    5353, 
    9831, 
    4611, 
    24339, 
    11763, 
    1677, 
    17617, 
    27981, 
    4851, 
    17991, 
    5943, 
    6441, 
    8169, 
    28143, 
    4207, 
    4743, 
    7929, 
    17373, 
    15523, 
    22243, 
    3871, 
    1227, 
    7171, 
    5397, 
    21007, 
    47457, 
    28329, 
    5943, 
    6643, 
    17803, 
    4777, 
    2433, 
    19381, 
    2137, 
    6429, 
    4303, 
    3219, 
    2451, 
    3093, 
    7269, 
    15787, 
    2239, 
    4089, 
    57, 
    13431, 
    2997, 
    23301, 
    4071, 
    3339, 
    7561, 
    6487, 
    14307, 
    18319, 
    7221, 
    5509, 
    5107, 
    13063, 
    1903, 
    1687, 
    1689, 
    2689, 
    627, 
    7951, 
    9643, 
    4233, 
    19527, 
    3333, 
    61, 
    297, 
    30241, 
    1063, 
    17337, 
    10731, 
    2037, 
    23359, 
    10891, 
    1351, 
    1183, 
    8301, 
    4981, 
    14113, 
    1623, 
    17883, 
    6241, 
    117, 
    7977, 
    271, 
    11773, 
    12313, 
    1593, 
    3787, 
    14941, 
    843, 
    2127, 
    11139, 
    3861, 
    2251, 
    10479, 
    5137, 
    1159, 
    31041, 
    7351, 
    1957, 
    13251, 
    24037, 
    3291, 
    6789, 
    15303, 
    14451, 
    7593, 
    1533, 
    11619, 
    4113, 
    9231, 
    5907, 
    697, 
    1401, 
    111, 
    3709, 
    4293, 
    11071, 
    9403, 
    5139, 
    5671, 
    7329, 
    937, 
    8607, 
    2761, 
    1989, 
    14241, 
    46713, 
    327, 
    3981, 
    5941, 
    30519, 
    10429, 
    6691, 
    2217, 
    279, 
    6399, 
    32181, 
    17271, 
    5997, 
    187, 
    16299, 
    14491, 
    1777, 
    8541, 
    2511, 
    2007, 
    10899, 
    13941, 
    12339, 
    10173, 
    3297, 
    37, 
    2889, 
    6207, 
    8343, 
    18537, 
    5653, 
    117, 
    11439, 
    12927, 
    603, 
    2443, 
    9063, 
    3543, 
    7227, 
    8659, 
    9733, 
    7519, 
    22867, 
    8643, 
    8481, 
    717, 
    1749, 
    331, 
    13503, 
    4659, 
    13909, 
    9171, 
    6109, 
    26379, 
    12249, 
    6763, 
    3997, 
    5911, 
    7573, 
    5197, 
    2011, 
    12301, 
    4809, 
    14197, 
    2821, 
    2653, 
    609, 
    4411, 
    3393, 
    2031, 
    37551, 
    3663, 
    2659, 
    16183, 
    12921, 
    4429, 
    1393, 
    6111, 
    499, 
    10113, 
    23941, 
    6429, 
    2557, 
    267, 
    5163, 
    2641, 
    2007, 
    36927, 
    4231, 
    3159, 
    11527, 
    22831, 
    7057, 
    16263, 
    3757, 
    4677, 
    3007, 
    729, 
    2727, 
    5577, 
    2169, 
    1479, 
    7009, 
    4507, 
    7927, 
    3621, 
    8679, 
    3261, 
    16387, 
    1839, 
    627, 
    8401, 
    8101, 
    2821, 
    5023, 
    12333, 
    6333, 
    13303, 
    5389, 
    17809, 
    14313, 
    1047, 
    2143, 
    621, 
    183, 
    9771, 
    11853, 
    3511, 
    423, 
    3423, 
    649, 
    5211, 
    9603, 
    13999, 
    34369, 
    949, 
    4173, 
    25669, 
    19381, 
    10087, 
    3997, 
    12169, 
    6259, 
    24159, 
    10587, 
    3439, 
    2667, 
    38967, 
    21, 
    6657, 
    2607, 
    2871, 
    11679, 
    4953, 
    2253, 
    7053, 
    2469, 
    2427, 
    4201, 
    3027, 
    8571, 
    3789, 
    2671, 
    14319, 
    6709, 
    3631, 
    799, 
    2989, 
    2169, 
    6883, 
    2217, 
    9703, 
    2581, 
    1743, 
    10177, 
    5409, 
    31797, 
    1017, 
    4249, 
    11391, 
    4531, 
    6399, 
    18801, 
    27687, 
    11943, 
    13141, 
    3931, 
    319, 
    11649, 
    4767, 
    52443, 
    12709, 
    29083, 
    991, 
    4977, 
    2347, 
    5091, 
    5161, 
    297, 
    5611, 
    1851, 
    919, 
    1489, 
    26193, 
    14493, 
    17059, 
    8203, 
    1447, 
    49, 
    2667, 
    19903, 
    18661, 
    1743, 
    1411, 
    9313, 
    4647, 
    13743, 
    5563, 
    2653, 
    1387, 
    7293, 
    10489, 
    12631, 
    279, 
    6679, 
    8109, 
    3951, 
    6931, 
    11949, 
    2911, 
    5241, 
    4023, 
    5221, 
    42387, 
    2967, 
    7047, 
    24763, 
    11917, 
    6307, 
    22459, 
    2727, 
    23889, 
    3811, 
    27951, 
    3933, 
    2197, 
    6481, 
    10347, 
    29193, 
    4089, 
    7549, 
    8109, 
    13207, 
    12777, 
    25623, 
    2523, 
    2787, 
    73, 
    1449, 
    36279, 
    1083, 
    1369, 
    2779, 
    12207, 
    1843, 
    12501, 
    3241, 
    5209, 
    339, 
    7863, 
    21549, 
    5581, 
    10969, 
    7537, 
    7671, 
    13423, 
    1237, 
    33397, 
    10629, 
    2229, 
    16609, 
    4711, 
    7389, 
    3451, 
    1027, 
    25137, 
    6307, 
    1683, 
    849, 
    4827, 
    1077, 
    1123, 
    23157, 
    7539, 
    13543, 
    6087, 
    5751, 
    1447, 
    387, 
    11113, 
    1969, 
    4237, 
    3679, 
    1447, 
    6727, 
    2761, 
    19563, 
    7707, 
    9919, 
    16681, 
    3397, 
    4903, 
    16449, 
    2323, 
    1063, 
    7077, 
    4641, 
    1323, 
    6439, 
    5647, 
    4347, 
    2961, 
    9123, 
    3697, 
    11413, 
    3907, 
    6679, 
    9279, 
    1837, 
    11803, 
    4881, 
    10513, 
    8649, 
    3501, 
    8071, 
    2517, 
    10287, 
    1149, 
    23359, 
    1999, 
    877, 
    79, 
    14299, 
    5073, 
    267, 
    1093, 
    3951, 
    3447, 
    5961, 
    5487, 
    4903, 
    3039, 
    4221, 
    1507, 
    14079, 
    2161, 
    7803, 
    21921, 
    5727, 
    28099, 
    5449, 
    24973, 
    741, 
    3273, 
    201, 
    8581, 
    2077, 
    10963, 
    39717, 
    973, 
    9787, 
    8323, 
    12229, 
    3931, 
    18583, 
    9831, 
    22381, 
    5247, 
    277, 
    19527, 
    23713, 
    10069, 
    7339, 
    5097, 
    9321, 
    2517, 
    757, 
    8149, 
    2257, 
    6033, 
    7927, 
    34309, 
    5821, 
    9369, 
    5043, 
    10957, 
    9931, 
    2277, 
    9961, 
    13849, 
    8917, 
    16923, 
    8839, 
    5601, 
    2649, 
    9849, 
    5493, 
    26191, 
    4059, 
    3523, 
    1483, 
    2233, 
    2481, 
    609, 
    861, 
    739, 
    10531, 
    3337, 
    9691, 
    5299, 
    18043, 
    20839, 
    3801, 
    3349, 
    12151, 
    4153, 
    1921, 
    4947, 
    6207, 
    8047, 
    327, 
    21387, 
    4029, 
    67, 
    8611, 
    36103, 
    10753, 
    2031, 
    7401, 
    4543, 
    1281, 
    9361, 
    4923, 
    1687, 
    7119, 
    3133, 
    17913, 
    26463, 
    22459, 
    7351, 
    723, 
    6171, 
    2577, 
    10011, 
    18061, 
    17301, 
    1159, 
    7891, 
    5811, 
    459, 
    3897, 
    5127, 
    7819, 
    4321, 
    3277, 
    21379, 
    2541, 
    2839, 
    19269, 
    6019, 
    5823, 
    12499, 
    1399, 
    1753, 
    10483, 
    14571, 
    5551, 
    2733, 
    279, 
    5559, 
    1407, 
    17593, 
    4899, 
    3313, 
    9651, 
    1599, 
    4633, 
    15169, 
    4383, 
    8739, 
    1281, 
    8947, 
    6729, 
    3883, 
    469, 
    10467, 
    3199, 
    7477, 
    14053, 
    11599, 
    8509, 
    3133, 
    4273, 
    22239, 
    2539, 
    13473, 
    2871, 
    15649, 
    1221, 
    3621, 
    4539, 
    2977, 
    6643, 
    15837, 
    17593, 
    15841, 
    25017, 
    2289, 
    423, 
    4771, 
    1209, 
    21771, 
    13107, 
    14571, 
    16593, 
    6279, 
    45627, 
    4497, 
    7509, 
    5683, 
    847, 
    11343, 
    6837, 
    32707, 
    5049, 
    1419, 
    11679, 
    4779, 
    14671, 
    3229, 
    1953, 
    11991, 
    11229, 
    12021, 
    12253, 
    5053, 
    27673, 
    5607, 
    15391, 
    789, 
    7311, 
    907, 
    19701, 
    18681, 
    9793, 
    837, 
    19897, 
    13993, 
    2221, 
    5607, 
    987, 
    5691, 
    8829, 
    1723, 
    9067, 
    16753, 
    3739, 
    3973, 
    8967, 
    2533, 
    28257, 
    4957, 
    7491, 
    6571, 
    10317, 
    4497, 
    2749, 
    6153, 
    4513, 
    13899, 
    3831, 
    391, 
    957, 
    1771, 
    7479, 
    8793, 
    8283, 
    2589, 
    22711, 
    6993, 
    2731, 
    6081, 
    2659, 
    339, 
    11373, 
    5739, 
    6103, 
    933, 
    3639, 
    2841, 
    9529, 
    1083, 
    5517, 
    607, 
    19161, 
    25777, 
    9889, 
    9361, 
    18777, 
    93, 
    1357, 
    4689, 
    17797, 
    369, 
    18829, 
    4209, 
    6291, 
    18349, 
    4429, 
    3973, 
    2871, 
    5317, 
    6639, 
    15969, 
    3859, 
    2877, 
    18397, 
    11161, 
    9739, 
    19947, 
    40807, 
    1657, 
    16119, 
    6021, 
    10267, 
    12463, 
    6937, 
    7957, 
    12571, 
    2307, 
    13867, 
    18271, 
    6019, 
    669, 
    1867, 
    3469, 
    3109, 
    12751, 
    4821, 
    2281, 
    657, 
    99, 
    181, 
    93, 
    11871, 
    7561, 
    19003, 
    4777, 
    877, 
    757, 
    1467, 
    1717, 
    15831, 
    5131, 
    7651, 
    2619, 
    8413, 
    23853, 
    7669, 
    1191, 
    709, 
    2761, 
    6159, 
    921, 
    18163, 
    14899, 
    5847, 
    3367, 
    2343, 
    8061, 
    4021, 
    661, 
    18187, 
    6111, 
    1861, 
    6787, 
    18463, 
    8401, 
    10423, 
    12777, 
    25783, 
    8131, 
    231, 
    18349, 
    11959, 
    16701, 
    1467, 
    5427, 
    5601, 
    6769, 
    2263, 
    9531, 
    849, 
    11709, 
    28053, 
    1087, 
    8701, 
    13521, 
    1053, 
    3073, 
    931, 
    9219, 
    7951, 
    553, 
    1347, 
    3019, 
    103, 
    15747, 
    2829, 
    15523, 
    6309, 
    3151, 
    7269, 
    11649, 
    481, 
    7627, 
    1111, 
    4351, 
    1033, 
    8673, 
    12367, 
    5119, 
    26403, 
    5973, 
    4813, 
    12163, 
    9667, 
    23463, 
    4771, 
    16483
]

24.844 seconds
