c:\sys\ut\rpn\rpn.py -l100 -a100 -E 1 200 range tetranacci factor 1 enumerate -s1
[
    [ 1, [ 0 ] ],
    [ 2, [ 0 ] ],
    [ 3, [ 1 ] ],
    [ 4, [ 1 ] ],
    [ 5, [ 2 ] ],
    [ 6, [ 2, 2 ] ],
    [ 7, [ 2, 2, 2 ] ],
    [ 8, [ 3, 5 ] ],
    [ 9, [ 29 ] ],
    [ 10, [ 2, 2, 2, 7 ] ],
    [ 11, [ 2, 2, 3, 3, 3 ] ],
    [ 12, [ 2, 2, 2, 2, 13 ] ],
    [ 13, [ 401 ] ],
    [ 14, [ 773 ] ],
    [ 15, [ 2, 5, 149 ] ],
    [ 16, [ 2, 2, 2, 359 ] ],
    [ 17, [ 2, 2, 2, 2, 2, 173 ] ],
    [ 18, [ 3, 3557 ] ],
    [ 19, [ 67, 307 ] ],
    [ 20, [ 2, 2, 2, 2, 2, 3, 7, 59 ] ],
    [ 21, [ 2, 2, 2, 41, 233 ] ],
    [ 22, [ 2, 2, 2, 2, 3, 3, 3, 11, 31 ] ],
    [ 23, [ 3, 94651 ] ],
    [ 24, [ 7, 78191 ] ],
    [ 25, [ 2, 7, 179, 421 ] ],
    [ 26, [ 2, 2, 3, 137, 1237 ] ],
    [ 27, [ 2, 2, 2, 3, 7, 23333 ] ],
    [ 28, [ 3, 5, 197, 2557 ] ],
    [ 29, [ 491, 29663 ] ],
    [ 30, [ 2, 2, 2, 5, 47, 109, 137 ] ],
    [ 31, [ 2, 2, 7, 137, 14107 ] ],
    [ 32, [ 2, 2, 2, 2, 2, 5, 7, 93133 ] ],
    [ 33, [ 5, 40212397 ] ],
    [ 34, [ 3, 137, 191, 4937 ] ],
    [ 35, [ 2, 137, 2726441 ] ],
    [ 36, [ 2, 2, 2, 2, 137, 656923 ] ],
    [ 37, [ 2, 2, 2, 2, 2, 2, 2, 3, 3, 3, 23, 34919 ] ],
    [ 38, [ 5350220959 ] ],
    [ 39, [ 11, 16561, 56611 ] ],
    [ 40, [ 2, 2, 2, 2, 2, 2, 2, 10037, 15473 ] ],
    [ 41, [ 2, 2, 2, 2, 5, 59, 8118107 ] ],
    [ 42, [ 2, 2, 2, 2, 2, 7, 181, 1821707 ] ],
    [ 43, [ 421, 338167117 ] ],
    [ 44, [ 3, 23, 3977156957 ] ],
    [ 45, [ 2, 139, 10141, 187631 ] ],
    [ 46, [ 2, 2, 3, 3, 3, 3, 3146976589 ] ],
    [ 47, [ 2, 2, 2, 245672692633 ] ],
    [ 48, [ 3, 3, 3, 7, 7, 2863488077 ] ],
    [ 49, [ 3, 1433, 10169, 167039 ] ],
    [ 50, [ 2, 2, 2, 5, 19, 163, 113624171 ] ],
    [ 51, [ 2, 2, 6782976048031 ] ],
    [ 52, [ 2, 2, 2, 2, 3, 547, 577, 3452107 ] ],
    [ 53, [ 3, 59, 61, 379, 4493, 5483 ] ],
    [ 54, [ 3, 5, 11, 839, 28433, 49367 ] ],
    [ 55, [ 2, 5, 7, 17, 34511, 9120301 ] ],
    [ 56, [ 2, 2, 2, 101, 288181, 3100597 ] ],
    [ 57, [ 2, 2, 2, 2, 2, 14033, 3099059213 ] ],
    [ 58, [ 2682493808945359 ] ],
    [ 59, [ 19, 53201, 5115330307 ] ],
    [ 60, [ 2, 2, 2, 2, 2, 3, 37, 113, 137, 173, 1047701 ] ],
    [ 61, [ 2, 2, 2, 77137, 31132288651 ] ],
    [ 62, [ 2, 2, 2, 2, 7, 7, 1338473, 35289577 ] ],
    [ 63, [ 3, 3, 2503, 3121, 1015274207 ] ],
    [ 64, [ 5, 7, 137, 1879, 15271209661 ] ],
    [ 65, [ 2, 43, 61, 137, 369018660767 ] ],
    [ 66, [ 2, 2, 182107, 701808947849 ] ],
    [ 67, [ 2, 2, 2, 5, 19, 2269, 571433628347 ] ],
    [ 68, [ 137, 13864418722779143 ] ],
    [ 69, [ 137, 24109, 1108487549969 ] ],
    [ 70, [ 2, 2, 2, 3, 3, 5, 137, 455681, 314018291 ] ],
    [ 71, [ 2, 2, 11, 373, 828868769693039 ] ],
    [ 72, [ 2, 2, 2, 2, 2, 2, 3, 243533, 560785257421 ] ],
    [ 73, [ 151, 151, 21955841, 100962481 ] ],
    [ 74, [ 3, 3, 3, 5, 73, 9885888495426403 ] ],
    [ 75, [ 2, 3, 3, 5, 7, 298085010280351507 ] ],
    [ 76, [ 2, 2, 2, 2, 2, 13, 1409, 617567899193783 ] ],
    [ 77, [ 2, 2, 2, 2, 2, 2, 2, 2, 2, 2, 1263667, 539218503631 ] ],
    [ 78, [ 3, 3, 5, 5, 17, 251, 1400878846156637 ] ],
    [ 79, [ 3, 3, 5, 57610490785005318533 ] ],
    [ 80, [ 2, 2, 2, 2, 2, 2, 2, 2, 2, 2, 2, 2, 2, 2, 2, 2, 2, 3, 3, 5, 13, 311, 1453, 2797, 51563 ] ],
    [ 81, [ 2, 2, 2, 2, 2, 13, 73, 317186430112048001 ] ],
    [ 82, [ 2, 2, 2, 2, 2, 2, 23, 457, 47173153, 585086699 ] ],
    [ 83, [ 19, 37, 37, 1375911313540708691 ] ],
    [ 84, [ 13, 47, 41242261, 2737613694527 ] ],
    [ 85, [ 2, 13, 67625717, 75627363614897 ] ],
    [ 86, [ 2, 2, 3, 5, 13, 1556657, 211098433548803 ] ],
    [ 87, [ 2, 2, 2, 131479, 162650603, 2887877957 ] ],
    [ 88, [ 59, 1801, 9319, 961732310858083 ] ],
    [ 89, [ 3, 3, 3, 11, 17, 19, 43, 173, 991, 2339, 1109737309 ] ],
    [ 90, [ 2, 2, 2, 131, 3376328242769793716893 ] ],
    [ 91, [ 2, 2, 7, 673, 2938589, 123169265227753 ] ],
    [ 92, [ 2, 2, 2, 2, 6427, 2114669861, 60457723087 ] ],
    [ 93, [ 5, 107, 47367145526046184251863 ] ],
    [ 94, [ 137, 349, 15149, 67438730536671493 ] ],
    [ 95, [ 2, 67, 702656225425165235143427 ] ],
    [ 96, [ 2, 2, 2, 3, 13, 3889, 1170523, 127786083109567 ] ],
    [ 97, [ 2, 2, 2, 2, 2, 19403, 25454329, 22135222033303 ] ],
    [ 98, [ 3, 109, 137, 3083, 4882372420450926547 ] ],
    [ 99, [ 137, 241, 251, 521, 12799, 23521012091749 ] ],
    [ 100, [ 2, 2, 2, 2, 2, 3, 3, 3, 7, 859, 11789, 11939, 3426412005143 ] ],
    [ 101, [ 2, 2, 2, 3, 607, 3739, 26513, 3344132911382779 ] ],
    [ 102, [ 2, 2, 2, 2, 137, 34382867, 123516083701360529 ] ],
    [ 103, [ 137, 8069, 3252863, 30235589, 165040303 ] ],
    [ 104, [ 3, 137, 1340789, 9776651, 6419932749661 ] ],
    [ 105, [ 2, 3, 3402979, 2356853029, 1385441463677 ] ],
    [ 106, [ 2, 2, 3, 5, 41, 1303, 124991, 33944153, 9449662777 ] ],
    [ 107, [ 2, 2, 2, 49843, 621231890123599814432291 ] ],
    [ 108, [ 5, 7, 59, 14314233545627, 16153554397949 ] ],
    [ 109, [ 1028796688877, 894612672700425673 ] ],
    [ 110, [ 2, 2, 2, 5, 5, 2969, 2987670926889332784636199 ] ],
    [ 111, [ 2, 2, 5, 220752188687, 774544351129156583 ] ],
    [ 112, [ 2, 2, 2, 2, 2, 3, 11, 19, 146077, 130805491, 17193501054857 ] ],
    [ 113, [ 47, 521, 204985667, 2531272664175255613 ] ],
    [ 114, [ 499, 61463, 798531506835616473852409 ] ],
    [ 115, [ 2, 3, 3, 3, 347, 12401, 53233, 3816399432956917529 ] ],
    [ 116, [ 2, 2, 2, 2, 11, 103, 122819, 108733747, 375874837616053 ] ],
    [ 117, [ 2, 2, 2, 2, 2, 2, 2, 11, 2459, 5939, 8530154532087941601461 ] ],
    [ 118, [ 7, 7, 29, 181, 8171, 252737, 283571, 2244715234847 ] ],
    [ 119, [ 5, 329671, 4954001219, 79807048536582377 ] ],
    [ 120, [ 2, 2, 2, 2, 2, 2, 2, 7, 11, 11, 233, 1619, 30715692381503505781277 ] ],
    [ 121, [ 2, 2, 2, 2, 11, 37, 12611, 380909, 77406896945639915207 ] ],
    [ 122, [ 2, 2, 2, 2, 2, 3, 11, 19, 47, 4949459593909220221766787143 ] ],
    [ 123, [ 17, 133129247117, 3975201186706448015701 ] ],
    [ 124, [ 3, 3, 1926847535157385301950043397210857 ] ],
    [ 125, [ 2, 8283949, 21344419, 94524951205202691751 ] ],
    [ 126, [ 2, 2, 3, 3, 3, 2309, 27027179, 65043893, 146977761647237 ] ],
    [ 127, [ 2, 2, 2, 3, 9709755550217, 532960931771507278859 ] ],
    [ 128, [ 5, 137, 227, 124188871966997, 12397215546554837 ] ],
    [ 129, [ 131, 7993, 23515351, 18741270950712239971409 ] ],
    [ 130, [ 2, 2, 2, 3, 19, 173, 277, 1129, 3607, 11353, 413727359, 2128062047 ] ],
    [ 131, [ 2, 2, 3, 139, 223, 967, 2794789, 1705579258869742504883 ] ],
    [ 132, [ 2, 2, 2, 2, 3, 5, 31, 137, 769, 4216351632375359193181569527 ] ],
    [ 133, [ 5, 5, 137, 1859963577905237108042616842281937 ] ],
    [ 134, [ 5279, 2326064237506172045391681415636907 ] ],
    [ 135, [ 2, 29, 43, 2621, 1711117, 2116111466873436742378303 ] ],
    [ 136, [ 2, 2, 2, 109, 137, 509, 1861, 8093, 7612935661, 6543756942589 ] ],
    [ 137, [ 2, 2, 2, 2, 2, 7, 7, 137, 811, 81276832423, 6210751720500843953 ] ],
    [ 138, [ 3, 19, 19, 137, 2269, 43127174249, 11675412811887816113 ] ],
    [ 139, [ 1123, 3641933, 79141637, 1009481539558000123331 ] ],
    [ 140, [ 2, 2, 2, 2, 2, 7, 17, 17, 37, 41, 41, 7371097, 21221498356246729704253 ] ],
    [ 141, [ 2, 2, 2, 3, 3, 3011, 5600006972649718663081493398717181 ] ],
    [ 142, [ 2, 2, 2, 2, 5, 11, 23, 41, 18719, 7858256027, 19170656550868606633 ] ],
    [ 143, [ 1070316011, 4214407232099927521573260790387 ] ],
    [ 144, [ 1289, 4867873, 1385685634493541762706279492753 ] ],
    [ 145, [ 2, 5, 54973, 9540937209623, 3195396432244929665359 ] ],
    [ 146, [ 2, 2, 281, 409, 34607, 2030579512197190026240393400789 ] ],
    [ 147, [ 2, 2, 2, 29, 189239, 31894355849, 44470238432326316847163 ] ],
    [ 148, [ 3, 3, 5, 353, 383, 1553, 1349809115216059, 9411535131909007 ] ],
    [ 149, [ 13229, 17489266970544859399471443120566172281 ] ],
    [ 150, [ 2, 2, 2, 3, 23, 227, 88392613, 6307491497, 6383654783827314677 ] ],
    [ 151, [ 2, 2, 1417705439, 4780433973097837, 31710420690684139 ] ],
    [ 152, [ 2, 2, 2, 2, 2, 2, 2, 3, 3, 3, 5, 2113705269713, 45366524224782057515695541 ] ],
    [ 153, [ 3, 3, 5, 257, 1034202467, 267042766880084525071369467607 ] ],
    [ 154, [ 7, 7, 317, 3911, 40483, 2503367037635108994894078331949 ] ],
    [ 155, [ 2, 17, 349035667838743514896621965894013377781681 ] ],
    [ 156, [ 2, 2, 2, 2, 2, 2, 3, 3, 5, 5, 5, 5, 5, 83, 131303320289, 1166086510523686892837549 ] ],
    [ 157, [ 2, 2, 2, 2, 2, 2, 2, 2, 2, 2, 3, 3, 5, 2652313, 360768144972011214550366118940919 ] ],
    [ 158, [ 3, 3, 5, 318770278261, 5924932989245860925132602179343 ] ],
    [ 159, [ 11, 21193, 102079, 61635228490859, 111694448516363943583 ] ],
    [ 160, [ 2, 2, 2, 2, 2, 2, 2, 2, 2, 2, 13, 53, 447580647905828598860659386695799517979 ] ],
    [ 161, [ 2, 2, 2, 2, 2, 2, 43, 307, 499157, 1443360642324592407749007509494081 ] ],
    [ 162, [ 2, 2, 2, 2, 2, 2, 2, 137, 39621460063, 229040506999613, 7372824082046999 ] ],
    [ 163, [ 21803, 103728781404912567821057391689737638704899 ] ],
    [ 164, [ 3, 5, 13, 19, 296019671, 3974798316823661520943483689307679 ] ],
    [ 165, [ 2, 13, 1693, 24412487012021, 7819696552230135609252932357 ] ],
    [ 166, [ 2, 2, 61, 137, 25189, 39373721, 488554257938278331250599984897 ] ],
    [ 167, [ 2, 2, 2, 3, 3, 3, 17, 19, 43, 43, 53, 137, 33331841750751105541725066126016621 ] ],
    [ 168, [ 13, 110976947447, 5664246949008209, 7364427254680825213 ] ],
    [ 169, [ 13, 37, 239, 92954845553, 489765717481, 22164719548942381067 ] ],
    [ 170, [ 2, 2, 2, 13, 137, 179, 3823, 77423959, 296201582122998811747665541873 ] ],
    [ 171, [ 2, 2, 5, 137, 3947, 40214873, 991009787938200070850914180728173 ] ],
    [ 172, [ 2, 2, 2, 2, 83, 137, 7720708835821, 591445685947895135187967419883 ] ],
    [ 173, [ 192917, 372708509, 72389572319, 307668629694182322239087 ] ],
    [ 174, [ 3, 11, 19, 179, 197, 1903987, 253894639, 288803916579506709547049773 ] ],
    [ 175, [ 2, 179, 270337, 33886961, 1366059307, 1328082465083688634818473 ] ],
    [ 176, [ 2, 2, 2, 3, 1655226392353, 192120743220459029, 1502730789999471649 ] ],
    [ 177, [ 2, 2, 2, 2, 2, 37, 839, 120416680243, 452423981154287, 408494776384997611 ] ],
    [ 178, [ 3, 3, 3, 3, 179, 27076494619793, 108545119053456797640520483287349 ] ],
    [ 179, [ 3, 7, 179, 541, 15647, 1958593667, 1317965734731658950061674199487 ] ],
    [ 180, [ 2, 2, 2, 2, 2, 13, 131, 179, 85297, 190285666218188758744527759722400620011 ] ],
    [ 181, [ 2, 2, 2, 16033, 172115789940857167, 13824210738920717044456314263 ] ],
    [ 182, [ 2, 2, 2, 2, 3, 9941, 503133555492017, 2450301897098603408028658810577 ] ],
    [ 183, [ 3, 421, 205645469, 144397862450123, 30234255625240614079802401 ] ],
    [ 184, [ 3, 5, 33403, 3091551481, 460246309795083863, 3065824995229762459 ] ],
    [ 185, [ 2, 23, 2203811, 5426234227394735647723, 7658937526647372037679 ] ],
    [ 186, [ 2, 2, 5, 3083, 543397953097, 242374024182635978877998567331089353 ] ],
    [ 187, [ 2, 2, 2, 2492453, 115708017504569003873, 6784776179032752230814229 ] ],
    [ 188, [ 5, 7, 7, 7, 1499, 11737038682197323263754503000067502223088383231 ] ],
    [ 189, [ 5, 31, 113, 19949, 363217, 458284537709434959553007593926980618059 ] ],
    [ 190, [ 2, 2, 2, 3, 7, 7, 109, 761, 3533, 325296117767343831785994935929480200835549 ] ],
    [ 191, [ 2, 2, 11, 11, 73, 18077, 43499, 159979, 1632619, 29780203944645959158474727171 ] ],
    [ 192, [ 2, 2, 2, 2, 2, 7, 671831, 2767895167083391993374654704400798074657942291 ] ],
    [ 193, [ 3, 3, 3, 3, 7, 43, 977, 33706989630453920189634827933747197319565321829 ] ],
    [ 194, [ 3089, 501021644168383619081845537905428279801428010425469 ] ],
    [ 195, [ 2, 1491601292312953806173455870812075209614519544130780337 ] ],
    [ 196, [ 2, 2, 2, 2, 31, 137, 75083765413733, 146901092876437267, 7672162318962887111 ] ],
    [ 197, [ 2, 2, 2, 2, 2, 2, 2, 5, 37, 7638067979380183067773, 61282183406419687924578183887 ] ],
    [ 198, [ 3203823373, 6668670090588233647434061506921722612951430619 ] ],
    [ 199, [ 181, 449, 761, 16727119, 75233153, 24082212571, 21972515550213504140321 ] ],
    [ 200, [ 2, 2, 2, 2, 2, 2, 2, 3, 137, 2137, 75797, 147181589, 63294020187869096015142085296069919 ] ]
]
