c:\sys\ut\rpn\rpn.py -l100 -a150 -E 1 440 range tribonacci factor 1 enumerate -s1
[
    [ 1, [ 0 ] ],
    [ 2, [ 1 ] ],
    [ 3, [ 1 ] ],
    [ 4, [ 2 ] ],
    [ 5, [ 2, 2 ] ],
    [ 6, [ 7 ] ],
    [ 7, [ 13 ] ],
    [ 8, [ 2, 2, 2, 3 ] ],
    [ 9, [ 2, 2, 11 ] ],
    [ 10, [ 3, 3, 3, 3 ] ],
    [ 11, [ 149 ] ],
    [ 12, [ 2, 137 ] ],
    [ 13, [ 2, 2, 2, 3, 3, 7 ] ],
    [ 14, [ 3, 3, 103 ] ],
    [ 15, [ 5, 11, 31 ] ],
    [ 16, [ 2, 2, 2, 2, 2, 2, 7, 7 ] ],
    [ 17, [ 2, 2, 2, 7, 103 ] ],
    [ 18, [ 103, 103 ] ],
    [ 19, [ 13, 19, 79 ] ],
    [ 20, [ 2, 5, 37, 97 ] ],
    [ 21, [ 2, 2, 3, 5501 ] ],
    [ 22, [ 5, 7, 3469 ] ],
    [ 23, [ 3, 3, 3, 3, 3, 919 ] ],
    [ 24, [ 2, 2, 2, 51343 ] ],
    [ 25, [ 2, 2, 188869 ] ],
    [ 26, [ 3, 3, 181, 853 ] ],
    [ 27, [ 3, 3, 199, 1427 ] ],
    [ 28, [ 2, 5, 470077 ] ],
    [ 29, [ 2, 2, 2, 2, 7, 17, 19, 239 ] ],
    [ 30, [ 23, 47, 47, 313 ] ],
    [ 31, [ 5, 5, 37, 103, 307 ] ],
    [ 32, [ 2, 2, 2, 2, 2, 2, 5, 7, 7, 47, 73 ] ],
    [ 33, [ 2, 2, 2, 2, 7, 883483 ] ],
    [ 34, [ 3, 53, 103, 11113 ] ],
    [ 35, [ 103, 103, 139, 227 ] ],
    [ 36, [ 2, 3, 3, 3, 3, 3, 11, 41, 53, 53 ] ],
    [ 37, [ 2, 2, 233, 317, 3833 ] ],
    [ 38, [ 7, 11, 163, 263, 631 ] ],
    [ 39, [ 3, 3, 3, 3539, 40093 ] ],
    [ 40, [ 2, 2, 2, 3, 3, 3, 13, 577, 4349 ] ],
    [ 41, [ 2, 2, 9133, 354763 ] ],
    [ 42, [ 167, 142739687 ] ],
    [ 43, [ 11, 47, 1877, 45181 ] ],
    [ 44, [ 2, 40320889337 ] ],
    [ 45, [ 2, 2, 2, 7, 37, 71584631 ] ],
    [ 46, [ 5, 47, 149, 2339, 3331 ] ],
    [ 47, [ 3, 47, 647, 5500283 ] ],
    [ 48, [ 2, 2, 2, 2, 2, 2, 2, 7, 7, 103, 1428613 ] ],
    [ 49, [ 2, 2, 2, 3, 3, 3, 3, 7, 53, 1213, 5821 ] ],
    [ 50, [ 199, 15689304167 ] ],
    [ 51, [ 5, 5, 41, 103, 163, 333701 ] ],
    [ 52, [ 2, 3, 3, 53, 103, 103, 1043597 ] ],
    [ 53, [ 2, 2, 3, 3, 5, 5, 13, 53, 31328771 ] ],
    [ 54, [ 7, 163, 31316187787 ] ],
    [ 55, [ 163, 257, 647, 1229, 1973 ] ],
    [ 56, [ 2, 2, 2, 13, 19, 23, 79, 1451, 23203 ] ],
    [ 57, [ 2, 2, 13, 479, 59539, 149921 ] ],
    [ 58, [ 29531, 13847588627 ] ],
    [ 59, [ 5, 1279, 117614590727 ] ],
    [ 60, [ 2, 3, 139, 70229, 23619389 ] ],
    [ 61, [ 2, 2, 2, 2, 2, 7, 31, 366429917899 ] ],
    [ 62, [ 3, 3, 3, 3, 3, 5, 5, 5, 11, 277, 3313, 15263 ] ],
    [ 63, [ 5, 13, 19, 199, 35025108589 ] ],
    [ 64, [ 2, 2, 2, 2, 2, 2, 2, 7, 7, 532949, 4736497 ] ],
    [ 65, [ 2, 2, 2, 2, 2, 3, 3, 7, 59, 103, 7151, 332393 ] ],
    [ 66, [ 3, 3, 199, 29905582707647 ] ],
    [ 67, [ 199, 495044479630231 ] ],
    [ 68, [ 2, 103, 2011, 437388591317 ] ],
    [ 69, [ 2, 2, 61, 103, 103, 128745455933 ] ],
    [ 70, [ 7, 136956013, 639390949 ] ],
    [ 71, [ 19, 857, 69240572393303 ] ],
    [ 72, [ 2, 2, 2, 37, 157, 44622423360083 ] ],
    [ 73, [ 2, 2, 3, 191, 36010153, 46211959 ] ],
    [ 74, [ 1259, 5572084228120051 ] ],
    [ 75, [ 3, 3, 3, 3, 3, 13, 61, 1619, 38321, 1079269 ] ],
    [ 76, [ 2, 47, 47, 73, 5441, 31627, 427619 ] ],
    [ 77, [ 2, 2, 2, 5, 7, 44789, 165811, 20991767 ] ],
    [ 78, [ 3, 3, 3, 29, 47, 879391, 2480844481 ] ],
    [ 79, [ 3, 3, 3, 4673, 1170391273432363 ] ],
    [ 80, [ 2, 2, 2, 2, 2, 2, 7, 7, 17, 131, 349483, 111280159 ] ],
    [ 81, [ 2, 2, 2, 7, 751, 10559, 1124964332707 ] ],
    [ 82, [ 5, 103, 33060151, 53966827549 ] ],
    [ 83, [ 43, 39302478475197493579 ] ],
    [ 84, [ 2, 5, 37, 211, 6600791, 6031949213 ] ],
    [ 85, [ 2, 2, 103, 13876823516773624441 ] ],
    [ 86, [ 3, 7, 7, 7, 53, 103, 103, 2958827, 6142589 ] ],
    [ 87, [ 19341322569415713958901 ] ],
    [ 88, [ 2, 2, 2, 3, 3, 3, 3, 53, 53, 563, 1607, 23159, 932749 ] ],
    [ 89, [ 2, 2, 47, 3389651, 4879871, 21040879 ] ],
    [ 90, [ 5, 24069357314251626329837 ] ],
    [ 91, [ 3, 3, 59, 3109, 134081450289876211 ] ],
    [ 92, [ 2, 3, 3, 47, 163, 1636667, 1803910939031 ] ],
    [ 93, [ 2, 2, 2, 2, 5, 5, 7, 17, 47, 199, 3203, 57593, 9117973 ] ],
    [ 94, [ 5, 11, 4914769, 5095261438808617 ] ],
    [ 95, [ 645626791, 3923739552074471 ] ],
    [ 96, [ 2, 2, 2, 2, 2, 2, 7, 7, 7, 13, 17, 353, 10328047, 263434033 ] ],
    [ 97, [ 2, 2, 2, 2, 7, 17, 587, 3719, 2061813501552821 ] ],
    [ 98, [ 15762679542071167858843489 ] ],
    [ 99, [ 3, 103, 587, 13177, 97440757, 124487491 ] ],
    [ 100, [ 2, 2971, 628800521, 14271952545419 ] ],
    [ 101, [ 2, 2, 3, 3, 3, 3, 3, 3, 53, 67, 179, 3217, 131561, 125028473 ] ],
    [ 102, [ 7, 43, 103, 1447, 867829, 4633630620551 ] ],
    [ 103, [ 103, 103, 150436394809, 207897801781 ] ],
    [ 104, [ 2, 2, 2, 3, 3, 19, 43, 53, 1125833, 173869061658839 ] ],
    [ 105, [ 2, 2, 3, 3, 53, 163, 547, 550999403, 11974895201 ] ],
    [ 106, [ 109, 149, 25095481, 5065441495731209 ] ],
    [ 107, [ 11, 97, 647, 30471629, 180513906798077 ] ],
    [ 108, [ 2, 5, 163, 449, 503, 1303, 14560561902397799 ] ],
    [ 109, [ 2, 2, 2, 7, 7, 13, 131, 163, 3237456763, 36465454279 ] ],
    [ 110, [ 11, 89, 499, 7207, 12073, 122279, 4545885887 ] ],
    [ 111, [ 11, 6203, 12377, 62723, 820419798342163 ] ],
    [ 112, [ 2, 2, 2, 2, 2, 2, 2, 2, 3, 7, 7, 7, 13, 499, 2991532669, 15636129809 ] ],
    [ 113, [ 2, 2, 2, 5, 7, 7, 13, 12457, 38723, 448367, 26678178467 ] ],
    [ 114, [ 3, 3, 3, 3, 3, 3, 263, 715909, 1513819, 1301385883081 ] ],
    [ 115, [ 5, 41, 1831, 7650095473, 173205438780923 ] ],
    [ 116, [ 2, 103, 199, 397, 42491, 1464503, 903279195953 ] ],
    [ 117, [ 2, 2, 3, 3, 3, 3, 19, 1820089, 150168290372918595521 ] ],
    [ 118, [ 3, 3, 3, 3, 7, 23, 31, 2207, 170557, 20336417335945219 ] ],
    [ 119, [ 11, 13, 103, 421, 917937266049858276653273 ] ],
    [ 120, [ 2, 2, 2, 19, 103, 103, 282013604617, 23021292668237 ] ],
    [ 121, [ 2, 2, 5, 19, 176250983, 287509435551556989977 ] ],
    [ 122, [ 47, 47, 66719903, 240306527543021770367 ] ],
    [ 123, [ 3947, 135913, 41134434977, 2952109566463 ] ],
    [ 124, [ 2, 5, 5, 23, 29, 29, 47, 311, 421, 27803, 797021, 908489629 ] ],
    [ 125, [ 2, 2, 2, 2, 2, 2, 3, 5, 7, 11, 17, 183283, 956823770517321050251 ] ],
    [ 126, [ 73, 5552538823170018403156096791047 ] ],
    [ 127, [ 3, 3, 3, 3, 9204048289069628610377556756721 ] ],
    [ 128, [ 2, 2, 2, 2, 2, 2, 2, 2, 7, 7, 773, 92669, 3583847, 425808056670847 ] ],
    [ 129, [ 2, 2, 2, 2, 2, 2, 7, 199, 397, 999763, 71276134255314899347 ] ],
    [ 130, [ 3, 3, 773, 354832421, 1879173762538340081921 ] ],
    [ 131, [ 3, 3, 13, 883, 2243, 393137357, 93657277405620793 ] ],
    [ 132, [ 2, 199, 397, 487, 10343, 66083, 81749, 3649974754717 ] ],
    [ 133, [ 2, 2, 71, 103, 199, 397, 392531, 133064033, 239125988033 ] ],
    [ 134, [ 7, 12501361, 606673011568892522705725073 ] ],
    [ 135, [ 37, 47, 73, 563, 13487, 298854181, 338964272222207 ] ],
    [ 136, [ 2, 2, 2, 103, 56263, 13182781789, 293867621720276783 ] ],
    [ 137, [ 2, 2, 29, 103, 103, 421, 2509719871, 254049625190937221 ] ],
    [ 138, [ 3, 47, 53, 1291, 70061, 102079, 8805901483909145041 ] ],
    [ 139, [ 5, 5, 19, 47, 50057108760384362606399199520417 ] ],
    [ 140, [ 2, 3, 3, 3, 3, 3, 29, 53, 53, 421, 761, 325691, 232231711, 2142528631 ] ],
    [ 141, [ 2, 2, 2, 7, 29, 421, 42356767, 851966537, 153229595225383 ] ],
    [ 142, [ 5238048231571481, 1327504697696897810039 ] ],
    [ 143, [ 3, 3, 136447, 104828860632599, 99349946299070009 ] ],
    [ 144, [ 2, 2, 2, 2, 2, 2, 3, 3, 5, 7, 7, 883, 5791, 9431, 3456558134338184245283 ] ],
    [ 145, [ 2, 2, 2, 7, 47983577, 16101756074039702119565924311 ] ],
    [ 146, [ 5, 11, 163, 167, 618924649181, 85881335513517400951 ] ],
    [ 147, [ 883, 3304130930674247, 50168928440390966917 ] ],
    [ 148, [ 2, 11, 883, 51343, 345866621, 780420994435864633043 ] ],
    [ 149, [ 2, 2, 19, 23, 291503, 2933649619181, 331252347372311609 ] ],
    [ 150, [ 7, 31, 103, 499, 81658914662332491062456290618003 ] ],
    [ 151, [ 3, 1153, 120087827, 2673144953, 1508615249692077413 ] ],
    [ 152, [ 2, 2, 2, 5, 5, 13, 1185022636917874818639479892926218051 ] ],
    [ 153, [ 2, 2, 3, 3, 3, 3, 3, 11, 53, 103, 465869379007, 208407444282587628569 ] ],
    [ 154, [ 103, 103, 7827857, 144060889739867, 871235285036531 ] ],
    [ 155, [ 5, 5, 5, 31, 31694863391, 156094547782122158549681329 ] ],
    [ 156, [ 2, 3, 3, 3, 5, 5, 53, 3613, 136401821152009796474762571024731 ] ],
    [ 157, [ 2, 2, 2, 2, 3, 3, 3, 7, 53, 61, 347, 19117462444374171452973386047849 ] ],
    [ 158, [ 8273, 4473881, 743931493, 4332277415795509059739 ] ],
    [ 159, [ 43, 163, 199, 402379, 390932390825749825952822167093 ] ],
    [ 160, [ 2, 2, 2, 2, 2, 2, 7, 7, 2154434329, 59729135343838983155264682191 ] ],
    [ 161, [ 2, 2, 2, 2, 7, 1823, 3635300318887417613248523195303451257 ] ],
    [ 162, [ 163, 1336211, 6268040332202389757700557564455241 ] ],
    [ 163, [ 163, 499, 30871357199199443471990312745479936377 ] ],
    [ 164, [ 2, 3, 4451568481189, 172913542036202063657927921791 ] ],
    [ 165, [ 2, 2, 13, 3493573, 20743516563387661, 2254172832003073601 ] ],
    [ 166, [ 3, 3, 3, 3, 7, 227, 499, 278925269849453, 872157419412350041213 ] ],
    [ 167, [ 89, 103, 499, 6282230541121688811779702975709560353 ] ],
    [ 168, [ 2, 2, 2, 13, 47, 47, 30675237779, 7500221636129250868765395541 ] ],
    [ 169, [ 2, 2, 3, 3, 13, 3613, 1744516783937, 32957295576406327144886719 ] ],
    [ 170, [ 3, 3, 5, 47, 103, 257, 5701, 3374942944725827, 165993767182604131 ] ],
    [ 171, [ 103, 103, 6722042627, 4611728259904785412355370968327 ] ],
    [ 172, [ 2, 11, 193, 257, 3613, 170197277, 901478102693087006353600819 ] ],
    [ 173, [ 2, 2, 2, 7, 113, 3613, 6629593, 1791300831703661, 4097778512449147 ] ],
    [ 174, [ 181, 9649, 17581, 8300743138823137, 8029089904016062591 ] ],
    [ 175, [ 5, 13, 61736743, 28302615823792033, 33140079633413042879 ] ],
    [ 176, [ 2, 2, 2, 2, 2, 2, 2, 7, 7, 17, 19, 1459, 2342193515302843296689512588542156553 ] ],
    [ 177, [ 2, 2, 2, 3, 5, 7, 193, 141403, 51685627223221, 10746599697908390147789 ] ],
    [ 178, [ 269, 17167, 966319, 5248295978109478003185479646598741 ] ],
    [ 179, [ 3, 3, 3, 3, 3, 72024767017462705429, 2461199583224556871642727 ] ],
    [ 180, [ 2, 269, 20061562860161, 7340698272548276860401431588557 ] ],
    [ 181, [ 2, 2, 47, 102200027753, 7584465716419746714922529997470533 ] ],
    [ 182, [ 3, 3, 7, 73, 199, 8885093563, 32961336096774913969749684692389 ] ],
    [ 183, [ 3, 3, 5, 19, 659, 93851, 436013, 21381731445670690148479068574607 ] ],
    [ 184, [ 2, 2, 2, 31, 47, 103, 192325099, 3926986948517288981938811699986027 ] ],
    [ 185, [ 2, 2, 47, 107, 34519, 74544593, 8479713149, 3799570328120350592047 ] ],
    [ 186, [ 5, 5, 772842937, 158763192016238234802125621092539983921 ] ],
    [ 187, [ 5, 13, 101, 103, 2039, 138923, 157933, 23003341, 8107806585125246784979 ] ],
    [ 188, [ 2, 103, 103, 149, 901215439, 3642173442466197873674411991874627 ] ],
    [ 189, [ 2, 2, 2, 2, 2, 7, 17, 331, 215920183, 2785465091, 25177552504566598520964329 ] ],
    [ 190, [ 3, 37, 53, 1237, 1789, 1088569, 386945512687, 6401683242362044941211 ] ],
    [ 191, [ 19, 2816533939537, 1206589941402497281911086184399694283 ] ],
    [ 192, [ 2, 2, 2, 2, 2, 2, 2, 3, 3, 3, 3, 3, 7, 7, 17, 53, 53, 253769, 6662177, 107689668319, 8962640474594707 ] ],
    [ 193, [ 2, 2, 2, 2, 2, 7, 17, 149, 461, 1416382571, 12317412613457411, 47867746237096649 ] ],
    [ 194, [ 1663, 241593013853046836990335371811220675458072309183 ] ],
    [ 195, [ 3, 3, 3, 37, 199, 99146251, 1758438161218727423, 21320829766797385133 ] ],
    [ 196, [ 2, 3, 3, 3, 1181, 129208412028469135601, 164945723936781589062287359 ] ],
    [ 197, [ 2, 2, 3989351, 177982063729, 246488232401, 3571003552995575867119 ] ],
    [ 198, [ 7, 7, 199, 1181, 68716829, 350202467, 243824713427, 68047990817853169 ] ],
    [ 199, [ 199, 194727479, 218244606869284104178873796965412831809069 ] ],
    [ 200, [ 2, 2, 2, 163, 879175576943, 13568132475449752852347380332078950031 ] ],
    [ 201, [ 2, 2, 5, 103, 683, 443467, 45853605821436589940848596752572201547401 ] ],
    [ 202, [ 2297, 2309513, 42851351, 3188308483, 529547891017, 137107327671221 ] ],
    [ 203, [ 3, 1237, 1230167, 731817230415097, 28971031253630510486483709397 ] ],
    [ 204, [ 2, 11, 103, 33923, 60549898967, 38247537136743677495584938133354889 ] ],
    [ 205, [ 2, 2, 2, 3, 3, 3, 3, 7, 53, 103, 103, 220353332094043108733, 582609433233864737166533 ] ],
    [ 206, [ 5, 5, 311, 1237, 62618094161639378141060796728115537518001422653 ] ],
    [ 207, [ 1237, 37546540844066424448547, 23849526152585831274508332503 ] ],
    [ 208, [ 2, 2, 2, 2, 2, 2, 3, 3, 5, 5, 7, 7, 7, 13, 53, 311, 2442227, 61487816309, 12819099208277579594898341 ] ],
    [ 209, [ 2, 2, 2, 3, 3, 7, 53, 61, 930113, 2472557030725687503286863510305311508203187 ] ],
    [ 210, [ 1752121324867, 3933720881812357359338266320372545019484027 ] ],
    [ 211, [ 5717, 2217425144332321212961720230493366504887465096331253 ] ],
    [ 212, [ 2, 7523, 1549692553115643993645347545946408253915811092383987 ] ],
    [ 213, [ 2, 2, 163, 3833, 3866028776338489, 5853639490746221, 758295672976518553 ] ],
    [ 214, [ 5, 7, 47, 47, 11841629, 646738415641, 133217604963293989586084296708729 ] ],
    [ 215, [ 145082467753351661438130501937754420584096000083183992629 ] ],
    [ 216, [ 2, 2, 2, 3, 47, 163, 91163, 197063, 562256590267, 143684334349981678632323997623 ] ],
    [ 217, [ 2, 2, 5, 5, 5, 5, 11, 163, 1307, 352097, 593629, 400811802481356633385740175932471139 ] ],
    [ 218, [ 3, 3, 3, 3, 3, 3, 5, 29, 103, 983, 3457, 2079713, 17098931, 686128162451185552188408833923 ] ],
    [ 219, [ 71, 1307, 17892819121023911328151950829289147159540981542182353 ] ],
    [ 220, [ 2, 11, 31, 383, 1999, 5848792428715116452909501957995472846773214371229 ] ],
    [ 221, [ 2, 2, 2, 2, 3, 3, 7, 7, 11, 13, 17, 79, 103, 167413, 572521, 27705452724419299, 15155068255115773093 ] ],
    [ 222, [ 3, 3, 31, 103, 103, 102130801039599684257, 34176347550489902791013720481097 ] ],
    [ 223, [ 61, 6433069, 3873674681066028893458211, 12500842754037860790398003 ] ],
    [ 224, [ 2, 2, 2, 2, 2, 2, 7, 7, 7, 13, 19, 151, 24294461, 1845774809, 951975887090147350095917423245603 ] ],
    [ 225, [ 2, 2, 2, 2, 7, 7, 13, 199, 5417, 5851107022778074686095922995960771671721967432169 ] ],
    [ 226, [ 101, 2381, 491674905701379909735606468046031599293476006944038529 ] ],
    [ 227, [ 47, 307, 1367, 3917, 5417, 289129, 333921741058943, 5382137026114860577680929 ] ],
    [ 228, [ 2, 101, 1255169, 9855037, 3213413519, 1147703623571, 43405973096921696978261 ] ],
    [ 229, [ 2, 2, 3, 11, 1367, 3944407, 381996887731, 2705971085155457810705641180058650583 ] ],
    [ 230, [ 7, 47, 14693693420962503507168359, 279917283065375826451656570114329 ] ],
    [ 231, [ 3, 3, 3, 3, 3, 3, 13, 41, 43, 47, 21211, 452948045667779, 329894780863693432095228924632909 ] ],
    [ 232, [ 2, 2, 2, 5, 37, 8821, 14221, 24657315908157329901123674308740636110324053217483 ] ],
    [ 233, [ 2, 2, 109, 2003, 3259, 4938403, 599054851825373874095729872993832297121566081 ] ],
    [ 234, [ 3, 3, 3, 3, 30094792077551, 1913482243750249, 3320118294008110938901603359767 ] ],
    [ 235, [ 3, 3, 3, 3, 11, 103, 179, 449, 2341, 57681386351, 28599102175467141625695769278954632153 ] ],
    [ 236, [ 2, 757, 44609051, 420160335592369, 1846245018221021639951280887945797183 ] ],
    [ 237, [ 2, 2, 2, 5, 7, 19, 8553055613, 28884326184941, 73317478712628505609356505441662361 ] ],
    [ 238, [ 103, 523, 4849189, 9701971, 69933318514259532439943715690539921490910277 ] ],
    [ 239, [ 5, 103, 103, 1439, 16319, 80222383543, 3262174781708041233628161439385654978291 ] ],
    [ 240, [ 2, 2, 2, 2, 2, 2, 2, 2, 2, 7, 7, 19, 257, 360977, 19052829865079305423, 711638171571426231935268478763 ] ],
    [ 241, [ 2, 2, 2, 7, 19, 1439, 10007, 220903, 476299, 99233957, 6893702699703187277469447658130323 ] ],
    [ 242, [ 3, 53, 29033, 35083, 340381, 1082597, 23488527506621, 1447025636122749696282435833 ] ],
    [ 243, [ 13, 3259, 1888177756869869, 5218684588701509, 8936505195145325505199305431 ] ],
    [ 244, [ 2, 3, 3, 3, 3, 53, 53, 149, 16447, 20543, 1205085877, 248557697708959792797291608578443117353 ] ],
    [ 245, [ 2, 2, 5, 611531, 708031, 2598415403, 560904482247870912792255542597470088017801 ] ],
    [ 246, [ 7, 31, 1051, 715451089, 142267363453918938728806734811051530050930657506813 ] ],
    [ 247, [ 3, 3, 107, 7144979, 142873883, 5630303113087556263, 7714099876291595905618219537 ] ],
    [ 248, [ 2, 2, 2, 3, 3, 5, 5, 71, 199, 397, 49123, 2880739, 4323412073, 12713253504527699081662384741249979 ] ],
    [ 249, [ 2, 2, 5, 59, 757, 26414473, 6121758251058516953288977472938358932730219892380323 ] ],
    [ 250, [ 229, 72923, 18444700295576992679069, 862529274075154742341672344957378307 ] ],
    [ 251, [ 21713, 1434143, 39728783, 591251303, 668044260522435101937431765888407971611 ] ],
    [ 252, [ 2, 103, 269, 757, 347561, 1329862577, 3683103075071389, 12585697433517835214141501803 ] ],
    [ 253, [ 2, 2, 2, 2, 2, 2, 2, 7, 257, 757, 9483240702940758173163706928920629556775681205429932618641 ] ],
    [ 254, [ 163, 1621, 44904517661, 16517415169537, 15514596670990157750481489159414838997 ] ],
    [ 255, [ 3, 103, 13207576049, 410414892322417374825315833, 3338781225540657787526378261 ] ],
    [ 256, [ 2, 2, 2, 2, 2, 2, 2, 2, 2, 7, 7, 11, 103, 103, 157, 257, 100777472857, 863997929996412707946548341645340285581879 ] ],
    [ 257, [ 2, 2, 2, 2, 2, 2, 2, 3, 3, 3, 3, 3, 7, 53, 257, 7510109, 849419142202576946674927764674405263275603458721217 ] ],
    [ 258, [ 11, 599, 5807, 1072849, 6675138989, 8056842898278438959659, 15761801768890856455493 ] ],
    [ 259, [ 19, 421, 1097, 40627, 398323517, 110549218091023, 4077009709921641736723962730294159 ] ],
    [ 260, [ 2, 3, 3, 23, 47, 47, 53, 9067, 54185707, 167065039, 29589254807449999301013652057951668617093 ] ],
    [ 261, [ 2, 2, 3, 3, 53, 199, 397, 324179, 6510463, 13164974047, 13665828191, 3782811178477321201261612459 ] ],
    [ 262, [ 7, 47, 107, 3635837629, 515400241679, 6036844708621127334909401459747101247378879 ] ],
    [ 263, [ 5, 11, 113, 966224141, 770915915449, 158220295939427005565867092853398441394854447 ] ],
    [ 264, [ 2, 2, 2, 13, 29, 29, 149, 199, 397, 421, 251879, 4819448408233, 2560395682976617958121124698968305651 ] ],
    [ 265, [ 2, 2, 23, 199, 269, 397, 12143, 16618951337, 75582339793, 5335766433627191, 15572439910294642019 ] ],
    [ 266, [ 401, 142537, 79737858035001735390044425413552972592049183056288211488006457 ] ],
    [ 267, [ 59, 163, 1621, 537728882964669508048183859222416149902168183720449652936035889 ] ],
    [ 268, [ 2, 3, 5, 211, 269, 401, 4297, 796363, 1269049, 18335497, 283587817823609990334830578070492921867 ] ],
    [ 269, [ 2, 2, 2, 7, 19, 103, 269, 1451, 14563, 13053608819, 8620020779033240790557, 404572706580381729081631 ] ],
    [ 270, [ 3, 3, 3, 3, 3, 5, 163, 1531, 1621, 139060457, 763147675068452828524233957111810459076291803374213 ] ],
    [ 271, [ 83, 163, 1621, 4374566849173476467542470393594710800280684021539230240747408013 ] ],
    [ 272, [ 2, 2, 2, 2, 2, 2, 7, 7, 17, 103, 167, 2155000142795890336922395813571, 89290907748345450507317486166707 ] ],
    [ 273, [ 2, 2, 2, 3, 3, 3, 7, 47, 103, 103, 430485529597682382050801277453755412875902455807059259493818251 ] ],
    [ 274, [ 3, 3, 3, 43, 11096033982731761369, 46337446937860473583212273161594119892322467349073 ] ],
    [ 275, [ 656662324733, 1672012204810054310442048281890417439079445298584313710086509 ] ],
    [ 276, [ 2, 5, 47, 499, 2153, 195541818413, 6897552088258236812620867, 2965199476846943644963251287 ] ],
    [ 277, [ 2, 2, 13, 29, 47, 421, 587, 10667, 12839903, 45347749, 1893130935047494123, 18035185317921415661553421 ] ],
    [ 278, [ 7, 73, 419, 499, 883, 3529, 25579, 2888443, 144639600162373, 1901096387248061, 1010051063282448283 ] ],
    [ 279, [ 5, 5, 23, 131, 238729, 698771201086383061881310428874502454762167893261200211796470897 ] ],
    [ 280, [ 2, 2, 2, 5, 13, 29, 373, 419, 421, 410482043, 1939598501, 1941528019947101, 15068596467490042970824983779 ] ],
    [ 281, [ 2, 2, 3, 13, 29, 421, 381630590537143125820730291258197, 58483092919486631942852476036170487 ] ],
    [ 282, [ 11, 89, 1471, 527179, 994822531, 2451485999, 162936476454084494891, 259167673813116518614529 ] ],
    [ 283, [ 3, 3, 3, 3, 97, 1063, 4349, 12983, 21176420407, 17180344310802767869, 838181739261751500671767903027 ] ],
    [ 284, [ 2, 67, 83, 53089, 3136355211594116176826461, 142828164625117935978759712027407868917293 ] ],
    [ 285, [ 2, 2, 2, 2, 7, 17, 140303681213, 1821125887292970373621823288803274761721969887247854712222281 ] ],
    [ 286, [ 3, 3, 103, 907, 16759, 3446353116259, 12497887577693776402409009, 1474327315345976968352063383 ] ],
    [ 287, [ 3, 3, 13, 83, 100357, 25922851595307907183, 65144906760684051802895144208680536641945264509 ] ],
    [ 288, [ 2, 2, 2, 2, 2, 2, 7, 7, 17, 83, 461, 64969, 267129133073161, 85505269140066435818128267744676375649307511501 ] ],
    [ 289, [ 2, 2, 2, 2, 7, 17, 103, 3637, 5483, 433541604361, 3283804213249164728252051461625752537283662998889243 ] ],
    [ 290, [ 103, 103, 587, 3167, 33604371735367, 15451363194806489886873304337227922591971907968399787 ] ],
    [ 291, [ 113, 199, 883, 25579, 7283711, 42522594990461329, 119735901323769062160438402494585994443689 ] ],
    [ 292, [ 2, 43, 277, 72341, 173861, 33033708513986120136273401351, 3500256321078449740910461860468697 ] ],
    [ 293, [ 2, 2, 139, 587, 47661208791337, 277347698608795362409, 14769609523244042582279121193849410197 ] ],
    [ 294, [ 3, 5, 5, 7, 53, 151, 311, 587, 883, 997, 25579, 151687587022961395950916819, 44732265310308746849911672507 ] ],
    [ 295, [ 883, 2081, 25579, 928787, 18313012734557293, 176500004365991780387, 1527683616564043880693929 ] ],
    [ 296, [ 2, 2, 2, 3, 3, 3, 3, 3, 19, 53, 53, 2671, 26687, 89698772280787, 597665398069453903091005369685892973820301888353 ] ],
    [ 297, [ 2, 2, 59, 154658368884001, 6056055705645034361721854897, 3299088834307762758855911146816877 ] ],
    [ 298, [ 673, 2671, 3607, 30047, 594428101, 8409354773, 1377274557317544551218015877462579659301834863 ] ],
    [ 299, [ 3, 3, 5, 13, 23, 907, 2927, 2568121, 26892983966632003161196739329472842638120559985361987669376679 ] ],
    [ 300, [ 2, 3, 3, 41, 79, 1272777716486958490155040455364502729, 61147909465647506230170711154149962479 ] ],
    [ 301, [ 2, 2, 2, 5, 7, 7283, 11706181, 349609719149944439535345816878977874263040742633124836847663365017 ] ],
    [ 302, [ 67, 641, 907, 1519423, 763221981941, 191231486556976534354016381, 1777000010652458763252674081 ] ],
    [ 303, [ 19, 19, 61, 103, 907, 35497462241, 129115624675459, 2994389597093124827458897539269590367463052051 ] ],
    [ 304, [ 2, 2, 2, 2, 2, 2, 2, 7, 7, 15313, 138251, 35521639280664675526909, 110100119628997741237641626990036429706547249 ] ],
    [ 305, [ 2, 2, 2, 7, 43, 251, 3853, 6781, 331094403906372522811, 39169983719988310692439, 466376499769310593268497 ] ],
    [ 306, [ 47, 47, 103, 1021907, 48669725903, 90106150091, 30870307504360943939, 5581047081410908195970575219 ] ],
    [ 307, [ 3, 5, 5, 103, 103, 311, 38333, 2637496471, 12915253544039125576167104314034044145398355805165895017623 ] ],
    [ 308, [ 2, 43, 47, 163, 1213, 43638705361, 320786404427, 53122762606424402129357119510891140302851067758729 ] ],
    [ 309, [ 2, 2, 3, 3, 3, 3, 3, 43, 53, 89, 373, 110807, 2154603197, 27459028327822177, 2267428134173209210455560694433540135177 ] ],
    [ 310, [ 5, 5, 5, 7, 7, 311, 379, 157427, 2274814094869243907546750423, 7776447477131893832899178734092352167923 ] ],
    [ 311, [ 5, 5, 19, 257, 311, 47871367, 106387441136605962917, 19125297261876265519705507580379546384829788371 ] ],
    [ 312, [ 2, 2, 2, 3, 3, 3, 53, 307318728467, 85359333376469, 11659464618595104092497, 1942507391364352063057971325927 ] ],
    [ 313, [ 2, 2, 3, 3, 3, 53, 6837401, 11706018791, 75298074341798265203979463943, 362640773617907770124929351203623 ] ],
    [ 314, [ 11, 109, 191, 199, 991, 509484009255434301141491784941337938005330638699080550220003309114603417 ] ],
    [ 315, [ 31, 173, 3457, 24133, 1646261, 18418573, 348839258011, 8942537487984374637590244544438712159357122921 ] ],
    [ 316, [ 2, 499, 275167, 275562577, 19005101762745983199208199287, 54124188607762127309300100008997335923 ] ],
    [ 317, [ 2, 2, 2, 2, 2, 7, 17, 23, 1231, 1941497, 32041091, 21346728255534578397663864768247266087122798292957737426067011 ] ],
    [ 318, [ 41, 149, 3853, 11187639889719693542223119651281938602148639428451442369358808222420542845687 ] ],
    [ 319, [ 47, 204329, 1706689, 2701957, 131012891, 83479979974027191842142573655289494340705695367630670641 ] ],
    [ 320, [ 2, 2, 2, 2, 2, 2, 2, 3, 7, 7, 7, 13, 103, 5051269947043620040576917324735694062332238269091557429026942961948182722367 ] ],
    [ 321, [ 2, 2, 2, 2, 2, 7, 163, 337, 3853, 22073, 69460043, 65892957443, 342102304233838425143963308580098089638611549708241 ] ],
    [ 322, [ 3, 3, 3, 3, 47, 3853, 205458210421401608893233022776540416718470839436764107843473073936759059787419 ] ],
    [ 323, [ 47, 103, 569, 21601, 32204569927, 2892784758491035384353316130921435030021151137351739053418824663 ] ],
    [ 324, [ 2, 41, 103, 103, 163, 191, 1021, 1527559954370092373, 1185878027806823146556329, 203531189705110721606687169109 ] ],
    [ 325, [ 2, 2, 3, 3, 5, 163, 811, 6155309651, 18160209606811, 23772587392277, 54614131090866894403, 5430258574917949559107 ] ],
    [ 326, [ 3, 3, 7, 23, 206467, 2629639, 43841761557584747548333505538210695696415269588386013802201038003390003 ] ],
    [ 327, [ 11, 109, 199, 991, 404705905267951501, 9305060412352631761045429, 71243943690786443843659543197394187 ] ],
    [ 328, [ 2, 2, 2, 31, 59, 61, 263, 347, 3613, 396474568766723437604263590005154704092625382764093907917183152163471419 ] ],
    [ 329, [ 2, 2, 71, 499, 937, 1616192230546590393577083796084480412884197554096930190058432739754716041593439 ] ],
    [ 330, [ 5, 11, 109, 199, 991, 8599, 355871281, 109104867397024750471207165319002847361971764199157934779662465437 ] ],
    [ 331, [ 11, 31, 109, 199, 991, 1129, 369456745069321850154443, 237457137784045200338273612970435882683500978560751 ] ],
    [ 332, [ 2, 5, 31, 271, 499, 727444037, 11536214392960302480503, 3795818032074346540154403073706178029977966806301 ] ],
    [ 333, [ 2, 2, 2, 3, 7, 7, 13, 499, 1343240429, 268660033093944783997, 892156875591822133532032166619602113205907812017607 ] ],
    [ 334, [ 59, 7127, 9733, 25367, 74959, 662819, 6202519, 30949984255613, 545723895193641641, 8359953591366442820094959 ] ],
    [ 335, [ 3, 3, 3, 3, 3, 3, 3, 142949586883, 26577643058418667221426866119137915611398875802717884368830175059313291881 ] ],
    [ 336, [ 2, 2, 2, 2, 2, 2, 7, 7, 7, 13, 317, 66218809, 1499095550605229, 38294512845427459, 44439959803967104502649807990085216188839 ] ],
    [ 337, [ 2, 2, 2, 7, 7, 13, 37, 103, 1021, 9077669, 2284909721, 68345439497110669700777228828655815909470958892577333651512443 ] ],
    [ 338, [ 3, 3, 5, 6612679, 6856643, 57133421, 443511372418623380120097014890324590126847347730230552767497829093 ] ],
    [ 339, [ 3, 3, 11, 5077, 106531, 10003613, 259468927, 40727014825001, 1031214173364211, 8340706892106977, 1953219333889294349 ] ],
    [ 340, [ 2, 61, 103, 1021, 4487637601, 29227750051757341866320501076229, 103934422944258876709034856106015963426139 ] ],
    [ 341, [ 2, 2, 5, 5, 103, 103, 709, 1021, 3613, 98758284438703577309875190629, 1173969699342738620795493420144377969887337719 ] ],
    [ 342, [ 5, 7, 47847057135004011299498207006947687778229973, 353322244625165812715982565985454249003633241 ] ],
    [ 343, [ 13, 13, 369833, 56686767110647481605670352377, 307163526787612124442164931412355211821499872419451149 ] ],
    [ 344, [ 2, 2, 2, 19, 3613, 77191, 62933364721547269, 1160110701030709721, 530316006356159354413, 1219550550677709144039703 ] ],
    [ 345, [ 2, 2, 11, 11, 859, 3613, 18729547527755728451, 130860571972593734519866165460512415363326688041233587951940809 ] ],
    [ 346, [ 3, 31, 53, 1087, 579795708577, 2179860348487753629116874609368930445811284015513738405165202985730667519 ] ],
    [ 347, [ 331, 549742223, 68446994945958162506484304900197420074564794812665193205056092872518937890934729 ] ],
    [ 348, [ 2, 3, 3, 3, 3, 3, 3, 3, 53, 53, 11933, 1003202084495581199, 155747947833886943584598298474184739085050759464452399002129449 ] ],
    [ 349, [ 2, 2, 2, 2, 7, 503, 80519509448694257, 167762218685730509872702481, 55368030020615572614210666537516965610079417 ] ],
    [ 350, [ 34913, 1429164811, 3187710859337362699189, 487238277984714173733836214082314992694313411066963589417 ] ],
    [ 351, [ 3, 3, 3, 3, 3, 823555333802675791, 712262680887086940559207702392946032387684254114806209300802856579967557 ] ],
    [ 352, [ 2, 2, 2, 2, 2, 2, 3, 3, 3, 3, 3, 7, 7, 47, 47, 155743757333231669853217569308453555823433456851319593443305063830626113677325035247 ] ],
    [ 353, [ 2, 2, 2, 2, 7, 233, 919, 4354305885120304018289719537, 4617742858035708300281044906441755342174146971162779542183 ] ],
    [ 354, [ 47, 103, 69299941574430907, 1728889765510216492681, 1529157868558724815742730276528691295087716924974467 ] ],
    [ 355, [ 13, 1447, 20753, 4178729435279852877175056930102612226137254917975830774741453081917766744233815971379 ] ],
    [ 356, [ 2, 5, 5943833393, 82807625892090968992359337, 609606380901607347563824256743009543772817319233653679941 ] ],
    [ 357, [ 2, 2, 19, 103, 199, 7793, 51031, 1317272666681, 229024669093812136959044698358779, 29528087265090503975281668163883659 ] ],
    [ 358, [ 7, 29, 67, 103, 103, 149, 1123, 5325587, 392477650479251, 201136839984031040987623238247323297472258151270643919849313 ] ],
    [ 359, [ 3, 73, 1087, 2690657, 29147599841483938747503447195072456593072628712917249565746847325788298659141005529 ] ],
    [ 360, [ 2, 2, 2, 19, 225912702711668289761668313594666139511242047074514375650009929510835089698211670113697219729 ] ],
    [ 361, [ 2, 2, 3, 3, 3, 3, 5, 5, 19, 53, 2273, 95467, 35683420866802810859079699489319445501326226500304384447240736996072511585413811 ] ],
    [ 362, [ 163, 223, 577, 1013, 1087, 6217, 6876581, 1070228179, 109937547414710669624639249604898498462080933411250856298006473 ] ],
    [ 363, [ 5, 5, 1087, 1721, 7109, 622577, 62022451, 31219633801, 220009397079377, 20210293002989325131993, 119891940642934145337653 ] ],
    [ 364, [ 2, 3, 3, 53, 487, 226186142491034764634454465679199, 3739716524240594473245490375743871048882030951039107942421 ] ],
    [ 365, [ 2, 2, 2, 3, 3, 7, 47, 53, 3080813, 2348480472294679, 828988425117487300435581712997, 95990097861538614045091979119111731899 ] ],
    [ 366, [ 11, 409, 10630259194778073842227562866461035333, 27798480215623543465798874325166223487844751323846493953 ] ],
    [ 367, [ 4486197521689367583970984571, 545069589439775866870142130354968882206236197763582553859543171939387 ] ],
    [ 368, [ 2, 2, 2, 2, 2, 2, 2, 2, 7, 7, 11, 17, 23, 47, 181, 59407, 16198673039, 72349076827, 140749808147562824599150555707967724773791753293949359879809 ] ],
    [ 369, [ 2, 2, 2, 5, 7, 47, 67, 3517, 2667633547135572247630241752728587414625570062746025951300194336196811508390932808858301 ] ],
    [ 370, [ 23, 773, 1259, 169339, 14267647, 281343099346758503394729589151491211205470229749106796184389296850393737329933 ] ],
    [ 371, [ 103, 1123, 16244953, 796404221, 18700754299599872445630664664081802055352472941257698427890597534142664501873 ] ],
    [ 372, [ 2, 3, 5, 5, 5, 17203, 3989441566412147147076528052979758429382671394802581197841692273910122073625814245386167877 ] ],
    [ 373, [ 2, 2, 5, 11, 83457388993273, 5156316064341414688355556217292894302042838460611192237102478044822109348872890421 ] ],
    [ 374, [ 3, 3, 3, 3, 3, 7, 103, 191, 967, 1123, 277691, 14722176263, 1574632987196249027, 4223092283669330983, 176259111880952707979573065711879 ] ],
    [ 375, [ 37, 103, 103, 163, 1123, 253789, 3764843371441, 621485672117750777563, 7506396989016147970997119314366746247719094427319 ] ],
    [ 376, [ 2, 2, 2, 13, 2293, 28459088070869, 4121143431277139, 891373695533058543217927, 23628677649537196941706308109984356983063 ] ],
    [ 377, [ 2, 2, 3, 3, 30096935510849856615824881310826694549182333481862258889904184978676120995239489873991706198087529 ] ],
    [ 378, [ 3, 3, 163, 49470618233, 27459762098612659721767718522402217666157549276837210074462002778057231446992209454027 ] ],
    [ 379, [ 19, 163, 53381, 18696463823, 1224353615237, 968566431747596490149077839600377215603307209410816765105446909705699 ] ],
    [ 380, [ 2, 23, 199, 397, 1867, 64153, 66293, 18706447, 17958202814923568406023107681823, 695486257889126091395384768578327535827771 ] ],
    [ 381, [ 2, 2, 2, 2, 2, 2, 7, 17, 77380351, 4860550469167, 4328919050514377797588888916948279275023394385431940328030825953351409665167 ] ],
    [ 382, [ 1120303, 20358065013209842061184068075766581553546166328245238336519322997688068820319644806043558516017 ] ],
    [ 383, [ 197, 773, 70039, 86113, 45673791306022619922438307709440362868520365588970914385387897036094928544503589920927 ] ],
    [ 384, [ 2, 2, 2, 2, 2, 2, 2, 2, 7, 7, 17, 401, 4481, 59621, 454219, 449484726633598087, 16541965383451227659615082756080909812832475012163734451769611 ] ],
    [ 385, [ 2, 2, 2, 2, 2, 2, 3, 7, 17, 284764379, 141065715803671, 154619760627901478536733061721753148202823295693260379329250515361255884367 ] ],
    [ 386, [ 433, 773, 3911, 5068939840463, 1979136361921603, 590666534929830287, 6695767366792759187431, 5025496632256569760628111 ] ],
    [ 387, [ 3, 3, 3, 3, 3, 5, 773, 9473, 81765659147423, 23664285842477021377, 33272451832859246452889, 838159659452593777506654266406059701 ] ],
    [ 388, [ 2, 103, 101989873711711696745560553, 42028547624932957983894917201281114282465967857526068132672402342434526847 ] ],
    [ 389, [ 2, 2, 13, 19, 79, 89, 1811, 16231, 4170285922230510627067409319193312747395737, 1907280188706210302978631062105037767475976373 ] ],
    [ 390, [ 3, 3, 3, 7, 587, 911, 338628443, 87282228790803720496477155453880721147819746700017452433800072455542468175840419224181 ] ],
    [ 391, [ 3, 3, 3, 23, 43, 103, 3313, 468885031749650715828964056287, 1285973152869565785136036271781273425881949196006740820700524907 ] ],
    [ 392, [ 2, 2, 2, 5, 11, 13, 31, 31, 103, 103, 587, 132675964360994329339037, 2225062480457566131964405157338946414781899114825245595612858716103 ] ],
    [ 393, [ 2, 2, 13, 199, 397, 64153, 55762753, 1264758976755844148775609022990864749775829758260158459025190964315359827811240315693 ] ],
    [ 394, [ 5, 97134620692839927319752163, 1422818807716150002937689348671, 49473389709926841020317042623147976995448455809 ] ],
    [ 395, [ 157, 15154063, 3069839396132933, 8609350027643228218183493325746150556211423644321130854115399829957695294626539 ] ],
    [ 396, [ 2, 199, 397, 1237, 64153, 165899603, 1276959817123, 43539293541138393829388025521211235234261945118867346097809787445883631 ] ],
    [ 397, [ 2, 2, 2, 7, 199, 397, 401, 797, 64153, 2945857, 36619816199, 7895838338581070374331431, 2753190767522952685640960088278870732339481319 ] ],
    [ 398, [ 3, 47, 47, 53, 271, 599, 439723, 5337313, 57669504928090201, 50702113198712931104177089056929540375460673827931065558188388467 ] ],
    [ 399, [ 13, 73, 101, 421, 23773, 4614349, 187273459, 487348399, 8585519983, 207475129732155109498921442928365450658124032152344548712183 ] ],
    [ 400, [ 2, 2, 2, 2, 2, 2, 3, 3, 3, 3, 5, 7, 7, 47, 53, 53, 401, 599, 701413, 46852880722751315338366864427147742939467150740865355921245812771186365603094415197 ] ],
    [ 401, [ 2, 2, 2, 7, 61, 401, 2633, 8694373781, 11511070958774123987, 6744415071043776418253160090342366480788683008477937904164463773309 ] ],
    [ 402, [ 197, 419, 151433, 516727, 42631466054698041620747770122703060457129, 16261801950690172257811823606628050500144280978473 ] ],
    [ 403, [ 3, 3, 5, 5, 223, 41611, 16200427, 22824529723, 10668085196338787097160590161971526244113234694616141364493998835223497561945197 ] ],
    [ 404, [ 2, 3, 3, 5, 29, 29, 37, 421, 13870779663676431190943038852075415586407, 926267773325161077024981453001464477599947879901442580859 ] ],
    [ 405, [ 2, 2, 103, 10061, 237230830622327, 56905572076798579, 497903188949314348693386637520724489734782817140475271089427399239281 ] ],
    [ 406, [ 7, 569, 306853, 41929333549065641169970118526172706319218169403632512513413600612134129437373350903844109248292949 ] ],
    [ 407, [ 2539, 6853338179, 1072392950279227, 1095778042022213717, 4609636455888132657092899926274907239171914136321791436426163 ] ],
    [ 408, [ 2, 2, 2, 103, 65288862199887440783441, 3222487301403444503966068303554282510797734330782784292921273817473714551667240521 ] ],
    [ 409, [ 2, 2, 103, 103, 1237, 1511927, 18778079897, 36202561612421, 5909918923643011174548268426106220348874919154325695127510995669427619 ] ],
    [ 410, [ 41, 43, 617, 617, 64279, 420799, 131015999, 839632867, 293681235858758850289735702816942844659862550584236199067240628838314783 ] ],
    [ 411, [ 3, 13, 47, 2381414677921708221829, 247120267775114433590147908754711666898999535378270894795438700310187524249482225377 ] ],
    [ 412, [ 2, 43, 617, 1237, 80317, 3686929, 28379345809, 3596891625991546424316917217681124530903968563996291516434618218634808042024763 ] ],
    [ 413, [ 2, 2, 2, 2, 3, 3, 3, 3, 3, 7, 17, 53, 139, 1237, 23719, 99973687233727, 214967790686728171973953949, 1697913958050363483455547425063939076024587069172781 ] ],
    [ 414, [ 47, 1291, 56249, 53310392174327959849, 36889553939828983532730189266000425430585962045602921440702453017209071181738707 ] ],
    [ 415, [ 47, 419, 57883779167381, 1251825585578552554645088029529000291444887, 8651492752682874651302537825359527882679404847559 ] ],
    [ 416, [ 2, 2, 2, 2, 2, 2, 3, 3, 7, 7, 19, 53, 163, 1814678306320909, 718670148313395361, 16803357477120267367, 223661954637923182825193997628574904907139062937 ] ],
    [ 417, [ 2, 2, 2, 2, 3, 3, 7, 29, 53, 191, 421, 1910669, 14065021, 1685243369, 7402257451949308512068831321614680257831704862278140144668313395750914520197 ] ],
    [ 418, [ 5, 419, 853, 51870169486958982900589376267, 5607725614419798013495335163297, 147779597823886250179298555545362476156449433 ] ],
    [ 419, [ 41, 419, 15241, 19860128366313500493127, 27171149423448746627813701914158677237580089526363823449284873814173207845010717 ] ],
    [ 420, [ 2, 29, 421, 2539, 2803210207712498581307, 394672525399002340034772460243, 3788658819410652292374249163938275232667599011324419 ] ],
    [ 421, [ 2, 2, 29, 421, 23909, 7427117413613, 7311598550200457, 208621655859514695893195124347, 36133229448852835894358741926782336944046383 ] ],
    [ 422, [ 7, 7, 103, 3879174373, 44903183110391442595282539994441204552181329991947511877264439389315021087075770206824675340555933 ] ],
    [ 423, [ 5, 19, 199, 263, 2539, 3092278339, 53945759663, 8714567852303, 1006844115572539, 87510479661395360733931024674177000868997268418428073 ] ],
    [ 424, [ 2, 2, 2, 3, 11, 2539, 122752003721, 19241368424422465641601, 1878527032991775591544739960450005877061633655476684014162906654451746497 ] ],
    [ 425, [ 2, 2, 5, 103, 883, 5843, 5088931733275115839866331, 101136432567722006529143548227605822586314123606524263872303878653283121626103 ] ],
    [ 426, [ 3, 3, 3, 3, 3, 103, 103, 257, 24361891, 6600498498904313, 8015097876933649387855781503, 11782490556542729566094671799803335204658073089831087 ] ],
    [ 427, [ 1291, 1135087999, 1302632837605079, 9694360295668730478893710024305563389743326943766266297637782180242087169566196800599 ] ],
    [ 428, [ 2, 257, 301459702661992646100891781567, 219661533270892076959135340281614352251518902453114714127207610566749390349464327 ] ],
    [ 429, [ 2, 2, 2, 3, 3, 3, 7, 163, 2579, 23473, 305796744283879, 3991942238696367859, 3437315506129875764437576713464662270631729685662991931941117924181 ] ],
    [ 430, [ 3, 3, 3, 97, 239, 1291, 58661, 80749, 18942962651572649713250357281, 1588002287244102821181493282424170336044696199312519175430899348393 ] ],
    [ 431, [ 5, 19, 1291, 2579, 77652479, 953083375324991, 264425893021296100652653, 88391968727970665555030805589, 387070908003476308294259762407 ] ],
    [ 432, [ 2, 2, 2, 2, 2, 2, 2, 7, 7, 7, 13, 163, 3163, 8629, 24577057, 270218693, 57912809254361374619, 398868339033883594410873815337706240526316765737990708859993293 ] ],
    [ 433, [ 2, 2, 2, 7, 163, 2001247, 1540677768260391751, 1405411730644954860178009, 21391368538402223000997491, 846765837710110607512152782512201709 ] ],
    [ 434, [ 5, 5, 311, 4099, 7753, 13397, 2888059262647633, 137841915329704505206542240331787674274987894648130488421862462188593215996365965977 ] ],
    [ 435, [ 5, 43597, 8162169008066282639, 1362260949951948443967834607411397673538456964861474213823425588186049319456437323100321223 ] ],
    [ 436, [ 2, 109, 7451, 80292083, 5831150514323, 206123506947899, 70335226049621684875409053001, 404337014542737022786424223790102918327855237 ] ],
    [ 437, [ 2, 2, 3, 11, 3156151, 19681567467820619599285976229812374788335116596130275321789903898947263225356597160643382679529684497291893 ] ],
    [ 438, [ 7, 883, 153649, 143896777, 71287954858639, 4906320164233057, 388491382899055107693805001, 812171698909179237875167877951987815598773 ] ],
    [ 439, [ 3, 3, 3, 3, 103, 354303751250627, 9384092508039440507091397933410506211638014187347568554957715239268872448273154754340563673567969 ] ],
    [ 440, [ 2, 2, 2, 11, 561907, 502321503788763377195267477, 2054049159074982291557123780091519869822638404809509242076323101112492129837475891 ] ]
]
