[
    0, 
    1, 
    2, 
    3, 
    4, 
    6, 
    8, 
    10, 
    12, 
    14, 
    16, 
    18, 
    20, 
    22, 
    24, 
    30, 
    33, 
    42, 
    51, 
    54, 
    60, 
    63, 
    72, 
    81, 
    84, 
    90, 
    93, 
    102, 
    111, 
    114, 
    120, 
    123, 
    152, 
    168, 
    212, 
    256, 
    272, 
    300, 
    304, 
    316, 
    360, 
    364, 
    408, 
    420, 
    424, 
    452, 
    468, 
    512, 
    556, 
    572, 
    600, 
    604, 
    616, 
    760, 
    840, 
    1060, 
    1280, 
    1360, 
    1500, 
    1520, 
    1580, 
    1800, 
    1820, 
    2040, 
    2100, 
    2120, 
    2260, 
    2340, 
    2560, 
    2780, 
    2860, 
    3000, 
    3020, 
    3080, 
    3804, 
    4200, 
    5304, 
    6402, 
    6804, 
    7500, 
    7602, 
    7902, 
    9000, 
    9102, 
    10200, 
    10500, 
    10602, 
    11304, 
    11700, 
    12804, 
    13902, 
    14304, 
    15000, 
    15102, 
    15402, 
    21000, 
    26523, 
    32011, 
    34020, 
    38010, 
    45003, 
    45514, 
    51002, 
    52500, 
    53011, 
    64022, 
    69510, 
    77014, 
    105000, 
    132616, 
    160056, 
    170104, 
    225016, 
    262504, 
    265056, 
    320112, 
    347552, 
    385072, 
    663084, 
    800280, 
    1125081, 
    1312524, 
    1600560, 
    1925361, 
    3315420, 
    4001400, 
    6562620, 
    8002800
]
