[
    0, 
    1, 
    2, 
    3, 
    4, 
    5, 
    6, 
    7, 
    8, 
    10, 
    12, 
    14, 
    16, 
    18, 
    20, 
    22, 
    24, 
    26, 
    28, 
    30, 
    32, 
    34, 
    36, 
    38, 
    40, 
    42, 
    44, 
    46, 
    48, 
    50, 
    52, 
    54, 
    56, 
    58, 
    60, 
    62, 
    66, 
    69, 
    81, 
    84, 
    87, 
    96, 
    99, 
    102, 
    114, 
    117, 
    129, 
    132, 
    135, 
    144, 
    147, 
    150, 
    162, 
    165, 
    177, 
    180, 
    183, 
    192, 
    195, 
    198, 
    210, 
    213, 
    225, 
    228, 
    231, 
    240, 
    243, 
    246, 
    258, 
    261, 
    273, 
    276, 
    279, 
    288, 
    291, 
    294, 
    306, 
    309, 
    321, 
    324, 
    327, 
    336, 
    339, 
    342, 
    354, 
    357, 
    369, 
    372, 
    375, 
    384, 
    387, 
    390, 
    402, 
    405, 
    417, 
    420, 
    423, 
    432, 
    435, 
    438, 
    450, 
    453, 
    465, 
    468, 
    471, 
    480, 
    483, 
    486, 
    498, 
    501, 
    528, 
    532, 
    552, 
    556, 
    648, 
    652, 
    672, 
    676, 
    696, 
    700, 
    768, 
    772, 
    792, 
    796, 
    816, 
    820, 
    912, 
    916, 
    936, 
    940, 
    1032, 
    1036, 
    1056, 
    1060, 
    1080, 
    1084, 
    1152, 
    1156, 
    1176, 
    1180, 
    1200, 
    1204, 
    1296, 
    1300, 
    1320, 
    1324, 
    1416, 
    1420, 
    1440, 
    1444, 
    1464, 
    1468, 
    1536, 
    1540, 
    1560, 
    1564, 
    1584, 
    1588, 
    1680, 
    1684, 
    1704, 
    1708, 
    1800, 
    1804, 
    1824, 
    1828, 
    1848, 
    1852, 
    1920, 
    1924, 
    1944, 
    1948, 
    1968, 
    1972, 
    2064, 
    2068, 
    2088, 
    2092, 
    2184, 
    2188, 
    2208, 
    2212, 
    2232, 
    2236, 
    2304, 
    2308, 
    2328, 
    2332, 
    2352, 
    2356, 
    2448, 
    2452, 
    2472, 
    2476, 
    2568, 
    2572, 
    2592, 
    2596, 
    2616, 
    2620, 
    2688, 
    2692, 
    2712, 
    2716, 
    2736, 
    2740, 
    2832, 
    2836, 
    2856, 
    2860, 
    2952, 
    2956, 
    2976, 
    2980, 
    3000, 
    3004, 
    3072, 
    3076, 
    3096, 
    3100, 
    3120, 
    3124, 
    3216, 
    3220, 
    3240, 
    3244, 
    3336, 
    3340, 
    3360, 
    3364, 
    3384, 
    3388, 
    3456, 
    3460, 
    3480, 
    3484, 
    3504, 
    3508, 
    3600, 
    3604, 
    3624, 
    3628, 
    3720, 
    3724, 
    3744, 
    3748, 
    3768, 
    3772, 
    3840, 
    3844, 
    3864, 
    3868, 
    3888, 
    3892, 
    3984, 
    3988, 
    4008, 
    4012, 
    4225, 
    4230, 
    4260, 
    4420, 
    4450, 
    4455, 
    5185, 
    5190, 
    5220, 
    5380, 
    5410, 
    5415, 
    5570, 
    5575, 
    5600, 
    5605, 
    6145, 
    6150, 
    6180, 
    6340, 
    6370, 
    6375, 
    6530, 
    6535, 
    6560, 
    6565, 
    7300, 
    7330, 
    7335, 
    7490, 
    7495, 
    7520, 
    7525, 
    8260, 
    8290, 
    8295, 
    8450, 
    8455, 
    8480, 
    8485, 
    8640, 
    8645, 
    8675, 
    9220, 
    9250, 
    9255, 
    9410, 
    9415, 
    9440, 
    9445, 
    9600, 
    9605, 
    9635, 
    10370, 
    10375, 
    10400, 
    10405, 
    10560, 
    10565, 
    10595, 
    11330, 
    11335, 
    11360, 
    11365, 
    11520, 
    11525, 
    11555, 
    11715, 
    11745, 
    11750, 
    12290, 
    12295, 
    12320, 
    12325, 
    12480, 
    12485, 
    12515, 
    12675, 
    12705, 
    12710, 
    13440, 
    13445, 
    13475, 
    13635, 
    13665, 
    13670, 
    14400, 
    14405, 
    14435, 
    14595, 
    14625, 
    14630, 
    14785, 
    14790, 
    14820, 
    15360, 
    15365, 
    15395, 
    15555, 
    15585, 
    15590, 
    15745, 
    15750, 
    15780, 
    16515, 
    16545, 
    16550, 
    16705, 
    16710, 
    16740, 
    17475, 
    17505, 
    17510, 
    17665, 
    17670, 
    17700, 
    17860, 
    17890, 
    17895, 
    18435, 
    18465, 
    18470, 
    18625, 
    18630, 
    18660, 
    18820, 
    18850, 
    18855, 
    19585, 
    19590, 
    19620, 
    19780, 
    19810, 
    19815, 
    20545, 
    20550, 
    20580, 
    20740, 
    20770, 
    20775, 
    20930, 
    20935, 
    20960, 
    20965, 
    21505, 
    21510, 
    21540, 
    21700, 
    21730, 
    21735, 
    21890, 
    21895, 
    21920, 
    21925, 
    22660, 
    22690, 
    22695, 
    22850, 
    22855, 
    22880, 
    22885, 
    23620, 
    23650, 
    23655, 
    23810, 
    23815, 
    23840, 
    23845, 
    24000, 
    24005, 
    24035, 
    24580, 
    24610, 
    24615, 
    24770, 
    24775, 
    24800, 
    24805, 
    24960, 
    24965, 
    24995, 
    25730, 
    25735, 
    25760, 
    25765, 
    25920, 
    25925, 
    25955, 
    26690, 
    26695, 
    26720, 
    26725, 
    26880, 
    26885, 
    26915, 
    27075, 
    27105, 
    27110, 
    27650, 
    27655, 
    27680, 
    27685, 
    27840, 
    27845, 
    27875, 
    28035, 
    28065, 
    28070, 
    28800, 
    28805, 
    28835, 
    28995, 
    29025, 
    29030, 
    29760, 
    29765, 
    29795, 
    29955, 
    29985, 
    29990, 
    30145, 
    30150, 
    30180, 
    30720, 
    30725, 
    30755, 
    30915, 
    30945, 
    30950, 
    31105, 
    31110, 
    31140, 
    31875, 
    31905, 
    31910, 
    32065, 
    32070, 
    32100, 
    33804, 
    33840, 
    33846, 
    34080, 
    34086, 
    35364, 
    35604, 
    35640, 
    35646, 
    41484, 
    41520, 
    41526, 
    41760, 
    41766, 
    43044, 
    43284, 
    43320, 
    43326, 
    44562, 
    44604, 
    44802, 
    44844, 
    49164, 
    49200, 
    49206, 
    49440, 
    49446, 
    50724, 
    50964, 
    51000, 
    51006, 
    52242, 
    52284, 
    52482, 
    52524, 
    58404, 
    58644, 
    58680, 
    58686, 
    59922, 
    59964, 
    60162, 
    60204, 
    66084, 
    66324, 
    66360, 
    66366, 
    67602, 
    67644, 
    67842, 
    67884, 
    69120, 
    69126, 
    69162, 
    69402, 
    73764, 
    74004, 
    74040, 
    74046, 
    75282, 
    75324, 
    75522, 
    75564, 
    76800, 
    76806, 
    76842, 
    77082, 
    82962, 
    83004, 
    83202, 
    83244, 
    84480, 
    84486, 
    84522, 
    84762, 
    90642, 
    90684, 
    90882, 
    90924, 
    92160, 
    92166, 
    92202, 
    92442, 
    93720, 
    93726, 
    93960, 
    93966, 
    94002, 
    98322, 
    98364, 
    98562, 
    98604, 
    99840, 
    99846, 
    99882, 
    100122, 
    101400, 
    101406, 
    101640, 
    101646, 
    101682, 
    107520, 
    107526, 
    107562, 
    107802, 
    109080, 
    109086, 
    109320, 
    109326, 
    109362, 
    115200, 
    115206, 
    115242, 
    115482, 
    116760, 
    116766, 
    117000, 
    117006, 
    117042, 
    118284, 
    118320, 
    118326, 
    118560, 
    118566, 
    122880, 
    122886, 
    122922, 
    123162, 
    124440, 
    124446, 
    124680, 
    124686, 
    124722, 
    125964, 
    126000, 
    126006, 
    126240, 
    126246, 
    132120, 
    132126, 
    132360, 
    132366, 
    132402, 
    133644, 
    133680, 
    133686, 
    133920, 
    133926, 
    139800, 
    139806, 
    140040, 
    140046, 
    140082, 
    141324, 
    141360, 
    141366, 
    141600, 
    141606, 
    142884, 
    143124, 
    143160, 
    143166, 
    147480, 
    147486, 
    147720, 
    147726, 
    147762, 
    149004, 
    149040, 
    149046, 
    149280, 
    149286, 
    150564, 
    150804, 
    150840, 
    150846, 
    156684, 
    156720, 
    156726, 
    156960, 
    156966, 
    158244, 
    158484, 
    158520, 
    158526, 
    164364, 
    164400, 
    164406, 
    164640, 
    164646, 
    165924, 
    166164, 
    166200, 
    166206, 
    167442, 
    167484, 
    167682, 
    167724, 
    172044, 
    172080, 
    172086, 
    172320, 
    172326, 
    173604, 
    173844, 
    173880, 
    173886, 
    175122, 
    175164, 
    175362, 
    175404, 
    181284, 
    181524, 
    181560, 
    181566, 
    182802, 
    182844, 
    183042, 
    183084, 
    188964, 
    189204, 
    189240, 
    189246, 
    190482, 
    190524, 
    190722, 
    190764, 
    192000, 
    192006, 
    192042, 
    192282, 
    196644, 
    196884, 
    196920, 
    196926, 
    198162, 
    198204, 
    198402, 
    198444, 
    199680, 
    199686, 
    199722, 
    199962, 
    205842, 
    205884, 
    206082, 
    206124, 
    207360, 
    207366, 
    207402, 
    207642, 
    213522, 
    213564, 
    213762, 
    213804, 
    215040, 
    215046, 
    215082, 
    215322, 
    216600, 
    216606, 
    216840, 
    216846, 
    216882, 
    221202, 
    221244, 
    221442, 
    221484, 
    222720, 
    222726, 
    222762, 
    223002, 
    224280, 
    224286, 
    224520, 
    224526, 
    224562, 
    230400, 
    230406, 
    230442, 
    230682, 
    231960, 
    231966, 
    232200, 
    232206, 
    232242, 
    238080, 
    238086, 
    238122, 
    238362, 
    239640, 
    239646, 
    239880, 
    239886, 
    239922, 
    241164, 
    241200, 
    241206, 
    241440, 
    241446, 
    245760, 
    245766, 
    245802, 
    246042, 
    247320, 
    247326, 
    247560, 
    247566, 
    247602, 
    248844, 
    248880, 
    248886, 
    249120, 
    249126, 
    255000, 
    255006, 
    255240, 
    255246, 
    255282, 
    256524, 
    256560, 
    256566, 
    256800, 
    256806, 
    270438, 
    270725, 
    270774, 
    272643, 
    272692, 
    282912, 
    282919, 
    284837, 
    285124, 
    285173, 
    331877, 
    332164, 
    332213, 
    334082, 
    334131, 
    344358, 
    346276, 
    346563, 
    346612, 
    356496, 
    356503, 
    356832, 
    356839, 
    358421, 
    358757, 
    393316, 
    393603, 
    393652, 
    395521, 
    395570, 
    405797, 
    407715, 
    408002, 
    408051, 
    417942, 
    418278, 
    419860, 
    420196, 
    467236, 
    469154, 
    469441, 
    469490, 
    479381, 
    479717, 
    481299, 
    481635, 
    528675, 
    530593, 
    530880, 
    530887, 
    530929, 
    540820, 
    541156, 
    542738, 
    543074, 
    552965, 
    553014, 
    553301, 
    555219, 
    590114, 
    592032, 
    592039, 
    592326, 
    592368, 
    592375, 
    602259, 
    602595, 
    604177, 
    604513, 
    614404, 
    614453, 
    614740, 
    616658, 
    663698, 
    664034, 
    665616, 
    665623, 
    665952, 
    665959, 
    675843, 
    675892, 
    676179, 
    678097, 
    725137, 
    725473, 
    727062, 
    727398, 
    737282, 
    737331, 
    737618, 
    739536, 
    739543, 
    749763, 
    749812, 
    751681, 
    751730, 
    752017, 
    786576, 
    786583, 
    786912, 
    786919, 
    788501, 
    788837, 
    798721, 
    798770, 
    799057, 
    800982, 
    811202, 
    811251, 
    813120, 
    813127, 
    813169, 
    813456, 
    813463, 
    860160, 
    860167, 
    860209, 
    860496, 
    860503, 
    862421, 
    872641, 
    872690, 
    874566, 
    874608, 
    874615, 
    874902, 
    921606, 
    921648, 
    921655, 
    921942, 
    923860, 
    934080, 
    934087, 
    934129, 
    936005, 
    936054, 
    936341, 
    946274, 
    946561, 
    946610, 
    948486, 
    948528, 
    948535, 
    983045, 
    983094, 
    983381, 
    985299, 
    995526, 
    995568, 
    995575, 
    997444, 
    997493, 
    997780, 
    1007713, 
    1008000, 
    1008007, 
    1008049, 
    1009925, 
    1009974, 
    1056965, 
    1057014, 
    1058883, 
    1058932, 
    1059219, 
    1069152, 
    1069159, 
    1069446, 
    1069488, 
    1069495, 
    1071364, 
    1071413, 
    1118404, 
    1118453, 
    1120322, 
    1120371, 
    1120658, 
    1130598, 
    1130885, 
    1130934, 
    1132803, 
    1132852, 
    1143072, 
    1143079, 
    1144997, 
    1145284, 
    1145333, 
    1179843, 
    1179892, 
    1181761, 
    1181810, 
    1182097, 
    1192037, 
    1192324, 
    1192373, 
    1194242, 
    1194291, 
    1204518, 
    1206436, 
    1206723, 
    1206772, 
    1253476, 
    1253763, 
    1253812, 
    1255681, 
    1255730, 
    1265957, 
    1267875, 
    1268162, 
    1268211, 
    1314915, 
    1315202, 
    1315251, 
    1317120, 
    1317127, 
    1317169, 
    1327396, 
    1329314, 
    1329601, 
    1329650, 
    1339541, 
    1339877, 
    1341459, 
    1341795, 
    1376354, 
    1376641, 
    1376690, 
    1378566, 
    1378608, 
    1378615, 
    1388835, 
    1390753, 
    1391040, 
    1391047, 
    1391089, 
    1400980, 
    1401316, 
    1402898, 
    1403234, 
    1450274, 
    1452192, 
    1452199, 
    1452486, 
    1452528, 
    1452535, 
    1462419, 
    1462755, 
    1464337, 
    1464673, 
    1511713, 
    1513638, 
    1513925, 
    1513974, 
    1523858, 
    1524194, 
    1525776, 
    1525783, 
    1526112, 
    1526119, 
    1536003, 
    1536052, 
    1536339, 
    1538257, 
    1573152, 
    1573159, 
    1575077, 
    1575364, 
    1575413, 
    1585297, 
    1585633, 
    1587222, 
    1587558, 
    1597442, 
    1597491, 
    1597778, 
    1599696, 
    1599703, 
    1646736, 
    1646743, 
    1647072, 
    1647079, 
    1648661, 
    1648997, 
    1658881, 
    1658930, 
    1659217, 
    1661142, 
    1708182, 
    1708518, 
    1710100, 
    1710436, 
    1720320, 
    1720327, 
    1720369, 
    1720656, 
    1720663, 
    1722581, 
    1732801, 
    1732850, 
    1734726, 
    1734768, 
    1734775, 
    1735062, 
    1769621, 
    1769957, 
    1771539, 
    1771875, 
    1781766, 
    1781808, 
    1781815, 
    1782102, 
    1784020, 
    1794240, 
    1794247, 
    1794289, 
    1796165, 
    1796214, 
    1796501, 
    1843205, 
    1843254, 
    1843541, 
    1845459, 
    1855686, 
    1855728, 
    1855735, 
    1857604, 
    1857653, 
    1857940, 
    1904644, 
    1904693, 
    1904980, 
    1906898, 
    1917125, 
    1917174, 
    1919043, 
    1919092, 
    1919379, 
    1929312, 
    1929319, 
    1929606, 
    1929648, 
    1929655, 
    1931524, 
    1931573, 
    1966083, 
    1966132, 
    1966419, 
    1968337, 
    1978564, 
    1978613, 
    1980482, 
    1980531, 
    1980818, 
    1990758, 
    1991045, 
    1991094, 
    1992963, 
    1993012, 
    2040003, 
    2040052, 
    2041921, 
    2041970, 
    2042257, 
    2052197, 
    2052484, 
    2052533, 
    2054402, 
    2054451, 
    2163504, 
    2165800, 
    2166192, 
    2181144, 
    2181536, 
    2263296, 
    2263352, 
    2278696, 
    2280992, 
    2281384, 
    2655016, 
    2657312, 
    2657704, 
    2672656, 
    2673048, 
    2754864, 
    2770208, 
    2772504, 
    2772896, 
    2851968, 
    2852024, 
    2854656, 
    2854712, 
    2867368, 
    2870056, 
    3146528, 
    3148824, 
    3149216, 
    3164168, 
    3164560, 
    3246376, 
    3261720, 
    3264016, 
    3264408, 
    3343536, 
    3346224, 
    3358880, 
    3361568, 
    3737888, 
    3753232, 
    3755528, 
    3755920, 
    3835048, 
    3837736, 
    3850392, 
    3853080, 
    4229400, 
    4244744, 
    4247040, 
    4247096, 
    4247432, 
    4326560, 
    4329248, 
    4341904, 
    4344592, 
    4423720, 
    4424112, 
    4426408, 
    4441752, 
    4720912, 
    4736256, 
    4736312, 
    4738608, 
    4738944, 
    4739000, 
    4818072, 
    4820760, 
    4833416, 
    4836104, 
    4915232, 
    4915624, 
    4917920, 
    4933264, 
    5309584, 
    5312272, 
    5324928, 
    5324984, 
    5327616, 
    5327672, 
    5406744, 
    5407136, 
    5409432, 
    5424776, 
    5801096, 
    5803784, 
    5816496, 
    5819184, 
    5898256, 
    5898648, 
    5900944, 
    5916288, 
    5916344, 
    5998104, 
    5998496, 
    6013448, 
    6013840, 
    6016136, 
    6292608, 
    6292664, 
    6295296, 
    6295352, 
    6308008, 
    6310696, 
    6389768, 
    6390160, 
    6392456, 
    6407856, 
    6489616, 
    6490008, 
    6504960, 
    6505016, 
    6505352, 
    6507648, 
    6507704, 
    6881280, 
    6881336, 
    6881672, 
    6883968, 
    6884024, 
    6899368, 
    6981128, 
    6981520, 
    6996528, 
    6996864, 
    6996920, 
    6999216, 
    7372848, 
    7373184, 
    7373240, 
    7375536, 
    7390880, 
    7472640, 
    7472696, 
    7473032, 
    7488040, 
    7488432, 
    7490728, 
    7570192, 
    7572488, 
    7572880, 
    7587888, 
    7588224, 
    7588280, 
    7864360, 
    7864752, 
    7867048, 
    7882392, 
    7964208, 
    7964544, 
    7964600, 
    7979552, 
    7979944, 
    7982240, 
    8061704, 
    8064000, 
    8064056, 
    8064392, 
    8079400, 
    8079792, 
    8455720, 
    8456112, 
    8471064, 
    8471456, 
    8473752, 
    8553216, 
    8553272, 
    8555568, 
    8555904, 
    8555960, 
    8570912, 
    8571304, 
    8947232, 
    8947624, 
    8962576, 
    8962968, 
    8965264, 
    9044784, 
    9047080, 
    9047472, 
    9062424, 
    9062816, 
    9144576, 
    9144632, 
    9159976, 
    9162272, 
    9162664, 
    9438744, 
    9439136, 
    9454088, 
    9454480, 
    9456776, 
    9536296, 
    9538592, 
    9538984, 
    9553936, 
    9554328, 
    9636144, 
    9651488, 
    9653784, 
    9654176, 
    10027808, 
    10030104, 
    10030496, 
    10045448, 
    10045840, 
    10127656, 
    10143000, 
    10145296, 
    10145688, 
    10519320, 
    10521616, 
    10522008, 
    10536960, 
    10537016, 
    10537352, 
    10619168, 
    10634512, 
    10636808, 
    10637200, 
    10716328, 
    10719016, 
    10731672, 
    10734360, 
    11010832, 
    11013128, 
    11013520, 
    11028528, 
    11028864, 
    11028920, 
    11110680, 
    11126024, 
    11128320, 
    11128376, 
    11128712, 
    11207840, 
    11210528, 
    11223184, 
    11225872, 
    11602192, 
    11617536, 
    11617592, 
    11619888, 
    11620224, 
    11620280, 
    11699352, 
    11702040, 
    11714696, 
    11717384, 
    12093704, 
    12109104, 
    12111400, 
    12111792, 
    12190864, 
    12193552, 
    12206208, 
    12206264, 
    12208896, 
    12208952, 
    12288024, 
    12288416, 
    12290712, 
    12306056, 
    12585216, 
    12585272, 
    12600616, 
    12602912, 
    12603304, 
    12682376, 
    12685064, 
    12697776, 
    12700464, 
    12779536, 
    12779928, 
    12782224, 
    12797568, 
    12797624, 
    13173888, 
    13173944, 
    13176576, 
    13176632, 
    13189288, 
    13191976, 
    13271048, 
    13271440, 
    13273736, 
    13289136, 
    13665456, 
    13668144, 
    13680800, 
    13683488, 
    13762560, 
    13762616, 
    13762952, 
    13765248, 
    13765304, 
    13780648, 
    13862408, 
    13862800, 
    13877808, 
    13878144, 
    13878200, 
    13880496, 
    14156968, 
    14159656, 
    14172312, 
    14175000, 
    14254128, 
    14254464, 
    14254520, 
    14256816, 
    14272160, 
    14353920, 
    14353976, 
    14354312, 
    14369320, 
    14369712, 
    14372008, 
    14745640, 
    14746032, 
    14748328, 
    14763672, 
    14845488, 
    14845824, 
    14845880, 
    14860832, 
    14861224, 
    14863520, 
    15237152, 
    15237544, 
    15239840, 
    15255184, 
    15337000, 
    15337392, 
    15352344, 
    15352736, 
    15355032, 
    15434496, 
    15434552, 
    15436848, 
    15437184, 
    15437240, 
    15452192, 
    15452584, 
    15728664, 
    15729056, 
    15731352, 
    15746696, 
    15828512, 
    15828904, 
    15843856, 
    15844248, 
    15846544, 
    15926064, 
    15928360, 
    15928752, 
    15943704, 
    15944096, 
    16320024, 
    16320416, 
    16335368, 
    16335760, 
    16338056, 
    16417576, 
    16419872, 
    16420264, 
    16435216, 
    16435608, 
    17308035, 
    17326404, 
    17329536, 
    17449155, 
    18106371, 
    18106821, 
    18229572, 
    18247941, 
    18251073, 
    21240135, 
    21261636, 
    21381255, 
    21384387, 
    22038912, 
    22180032, 
    22183173, 
    22815747, 
    22816197, 
    22837248, 
    22837698, 
    22938948, 
    22960449, 
    25172226, 
    25190595, 
    25313346, 
    25316487, 
    25971012, 
    26093763, 
    26112132, 
    26115264, 
    26748288, 
    26769798, 
    26892549, 
    30025863, 
    30047364, 
    30680388, 
    30701889, 
    30803139, 
    30824640, 
    33835203, 
    33957954, 
    33976323, 
    33976773, 
    34633989, 
    34735239, 
    34756740, 
    35389764, 
    35392896, 
    35411265, 
    35534016, 
    37767303, 
    37890054, 
    37908864, 
    37911555, 
    37912005, 
    38544579, 
    38566080, 
    38667330, 
    39324996, 
    39343365, 
    39466116, 
    42476679, 
    42498180, 
    42599430, 
    42620931, 
    42621381, 
    43253955, 
    43275456, 
    46408770, 
    46531971, 
    46553472, 
    47186055, 
    47189187, 
    47207556, 
    47330307, 
    47330757, 
    47984832, 
    47987973, 
    48110724, 
    48129093, 
    50340870, 
    50362371, 
    50362821, 
    50464071, 
    50485572, 
    51118146, 
    51121287, 
    51262848, 
    51916932, 
    51920064, 
    52039683, 
    52040133, 
    52061184, 
    52061634, 
    55050246, 
    55053378, 
    55071747, 
    55072197, 
    55194948, 
    55852164, 
    55972224, 
    55974915, 
    55975365, 
    55993734, 
    58982787, 
    58985478, 
    59004288, 
    59781123, 
    59781573, 
    59904324, 
    59907456, 
    59925825, 
    60561540, 
    60579909, 
    60583041, 
    60703110, 
    60705792, 
    60706242, 
    62914887, 
    62918019, 
    62936388, 
    63059139, 
    63713664, 
    63716355, 
    63716805, 
    63839556, 
    63857925, 
    64512000, 
    64512450, 
    64515141, 
    64635201, 
    64638342, 
    67645764, 
    67648896, 
    67768515, 
    67790016, 
    68425731, 
    68426181, 
    68444550, 
    68447232, 
    68447682, 
    68567301, 
    68570433, 
    71580996, 
    71700615, 
    71703747, 
    71722116, 
    72358272, 
    72376641, 
    72379782, 
    72499392, 
    72502533, 
    73156608, 
    73157058, 
    73279809, 
    73298178, 
    73301319, 
    75509955, 
    75632706, 
    75635847, 
    76290372, 
    76308741, 
    76311873, 
    76431492, 
    76434624, 
    77089158, 
    77211909, 
    77230278, 
    77233410, 
    80240832, 
    80243973, 
    80366724, 
    81021249, 
    81144000, 
    81162369, 
    81165510, 
    84154563, 
    84172932, 
    84176064, 
    84295683, 
    84296133, 
    84953349, 
    85076100, 
    85094469, 
    85097601, 
    85730625, 
    85752135, 
    85853376, 
    85874886, 
    88086663, 
    88108164, 
    88228224, 
    88230915, 
    88231365, 
    88885440, 
    89026560, 
    89027010, 
    89029701, 
    89662725, 
    89684226, 
    89785476, 
    89806977, 
    92817540, 
    92940291, 
    92940741, 
    92959110, 
    92961792, 
    92962242, 
    93594816, 
    93616326, 
    93739077, 
    96872832, 
    96891201, 
    96894342, 
    97526916, 
    97548417, 
    97649667, 
    97650117, 
    97671168, 
    97671618, 
    98304192, 
    98307333, 
    98325702, 
    98448453, 
    100681731, 
    100682181, 
    100804932, 
    100823301, 
    100826433, 
    101480517, 
    101582208, 
    101603718, 
    102236292, 
    102239424, 
    102257793, 
    102380544, 
    102380994, 
    105391107, 
    105391557, 
    105412608, 
    105413058, 
    105514308, 
    105535809, 
    106171524, 
    106189893, 
    106313094, 
    109323648, 
    109345158, 
    109467909, 
    110100483, 
    110100933, 
    110121984, 
    110122434, 
    110245185, 
    110899269, 
    110902401, 
    111022470, 
    111025152, 
    111025602, 
    111043971, 
    113255748, 
    113277249, 
    113378499, 
    113400000, 
    114033024, 
    114035715, 
    114036165, 
    114054534, 
    114177285, 
    114831360, 
    114831810, 
    114834501, 
    114954561, 
    114957702, 
    114976071, 
    117965124, 
    117968256, 
    117986625, 
    118109376, 
    118763910, 
    118766592, 
    118767042, 
    118886661, 
    118889793, 
    118908162, 
    121900356, 
    121918725, 
    122041476, 
    122696001, 
    122699142, 
    122818752, 
    122821893, 
    122840262, 
    123475968, 
    123476418, 
    123494787, 
    123497478, 
    123617538, 
    123620679, 
    125829315, 
    125850816, 
    126628101, 
    126631233, 
    126750852, 
    126753984, 
    126772353, 
    127408518, 
    127426887, 
    127430019, 
    127549638, 
    127552770, 
    130560192, 
    130563333, 
    130686084, 
    130704453, 
    131340609, 
    131358978, 
    131362119, 
    131481729, 
    131484870, 
    138464280, 
    138636290, 
    139593240, 
    144850970, 
    144854570, 
    145836580, 
    145983530, 
    146008590, 
    169921080, 
    170093090, 
    171050040, 
    171075100, 
    176311300, 
    177440260, 
    177465390, 
    182525980, 
    182529580, 
    182697990, 
    182701590, 
    183511590, 
    201377810, 
    201524760, 
    202506770, 
    202531900, 
    207768100, 
    208750110, 
    208897060, 
    213986310, 
    214158390, 
    240206910, 
    245443110, 
    246597120, 
    270681630, 
    271810590, 
    271814190, 
    278053920, 
    283143170, 
    283290120, 
    284272130, 
    302138430, 
    303292440, 
    303296040, 
    308528640, 
    309338640, 
    314599970, 
    314746920, 
    315728930, 
    339985440, 
    340795440, 
    340967450, 
    340971050, 
    346031640, 
    346203650, 
    371270160, 
    372255770, 
    372427780, 
    377488440, 
    377513500, 
    377660450, 
    378642460, 
    378646060, 
    383878660, 
    383903790, 
    385032750, 
    402726960, 
    402898970, 
    402902570, 
    403712570, 
    403884580, 
    408945170, 
    408970300, 
    410102790, 
    415335460, 
    416317470, 
    416321070, 
    440401970, 
    440427030, 
    440573980, 
    440577580, 
    441559590, 
    447799320, 
    447802920, 
    471862300, 
    471883830, 
    472034310, 
    478248990, 
    478252590, 
    479259650, 
    479406600, 
    484492320, 
    484664330, 
    485624880, 
    485646340, 
    485649940, 
    503319100, 
    503491110, 
    509730840, 
    509734440, 
    510716450, 
    510863400, 
    516096000, 
    516099600, 
    516121130, 
    517081610, 
    517106740, 
    541191170, 
    542148120, 
    542320130, 
    547405850, 
    547409450, 
    547556400, 
    547577860, 
    547581460, 
    548538410, 
    548563470, 
    572647970, 
    573604920, 
    573629980, 
    573776930, 
    578866180, 
    579013130, 
    579038260, 
    579995140, 
    580020270, 
    585252870, 
    585256470, 
    586385430, 
    604079640, 
    605061650, 
    605086780, 
    610322980, 
    610469930, 
    610494990, 
    611451940, 
    616713270, 
    617842230, 
    617867280, 
    641926660, 
    641951790, 
    649152000, 
    649324080, 
    673236510, 
    673383460, 
    674365470, 
    674369070, 
    680608800, 
    680780810, 
    685845000, 
    686017080, 
    686827010, 
    686999090, 
    704693310, 
    705847320, 
    705850920, 
    711083520, 
    712212480, 
    712216080, 
    712237610, 
    717301800, 
    717473810, 
    718283810, 
    718455820, 
    742540320, 
    743522330, 
    743525930, 
    743672880, 
    743694340, 
    743697940, 
    748758530, 
    748930610, 
    749912620, 
    774982660, 
    775129610, 
    775154740, 
    780215330, 
    780387340, 
    781197340, 
    781200940, 
    781369350, 
    781372950, 
    786433540, 
    786458670, 
    786605620, 
    787587630, 
    805453850, 
    805457450, 
    806439460, 
    806586410, 
    806611470, 
    811844140, 
    812657670, 
    812829750, 
    817890340, 
    818062350, 
    843128860, 
    843132460, 
    843300870, 
    843304470, 
    844114470, 
    849519150, 
    874589190, 
    874761270, 
    880803870, 
    880807470, 
    881961480, 
    887219210, 
    888179760, 
    888201220, 
    888204820, 
    888351770, 
    906045990, 
    907200000, 
    912285720, 
    912289320, 
    913418280, 
    918650880, 
    918654480, 
    918676010, 
    919636490, 
    919661620, 
    919808570, 
    943746050, 
    943893000, 
    944875010, 
    950111280, 
    950132740, 
    950136340, 
    951093290, 
    951118350, 
    951265300, 
    975202850, 
    975349800, 
    976331810, 
    981568010, 
    981593140, 
    982550020, 
    982575150, 
    982722100, 
    987807750, 
    987811350, 
    987958300, 
    987979830, 
    988940310, 
    1006634520, 
    1006806530, 
    1013024810, 
    1013049870, 
    1014006820, 
    1014178830, 
    1019268150, 
    1019415100, 
    1020397110, 
    1020422160, 
    1044481540, 
    1044506670, 
    1045635630, 
    1050871830, 
    1051878960, 
    1107714245, 
    1109090323, 
    1116745927, 
    1158807760, 
    1167868240, 
    1168068726, 
    1360744726, 
    1368600805, 
    1410490400, 
    1419522082, 
    1460236646, 
    1461583926, 
    1461612724, 
    1468092725, 
    1612198082, 
    1620054161, 
    1662144803, 
    1670000882, 
    1671176485, 
    1713267127, 
    1921655285, 
    1963544880, 
    1972776960, 
    2224431363, 
    2265145366, 
    2417107440, 
    2426339520, 
    2468229126, 
    2474709127, 
    2517975361, 
    2525831440, 
    2727768406, 
    2768253125, 
    2769629203, 
    2970161282, 
    3020108003, 
    3021283606, 
    3029139685, 
    3029168483, 
    3071029280, 
    3071230327, 
    3221815685, 
    3223191763, 
    3223220561, 
    3229700562, 
    3231076640, 
    3271762406, 
    3280822325, 
    3322683683, 
    3330539762, 
    3330568560, 
    3523215762, 
    3524591840, 
    3582394563, 
    3582423361, 
    3774898402, 
    3775070640, 
    3776274480, 
    3826020726, 
    3834077203, 
    3835252806, 
    3875938561, 
    3884999041, 
    3885199527, 
    4026552805, 
    4027928883, 
    4077875527, 
    4085731606, 
    4128768006, 
    4128796804, 
    4128969042, 
    4136652883, 
    4337184962, 
    4338561040, 
    4379246806, 
    4379275604, 
    4380451207, 
    4380622884, 
    4380651682, 
    4388307286, 
    4388507761, 
    4581183761, 
    4588839365, 
    4589039840, 
    4590215443, 
    4630929446, 
    4632306085, 
    4640162164, 
    4682022961, 
    4691083441, 
    4840493207, 
    4840694243, 
    4883759441, 
    4883959927, 
    4891615520, 
    4933706162, 
    4942737844, 
    4942938242, 
    5135413283, 
    5193216006, 
    5194592645, 
    5385892083, 
    5387067686, 
    5394923765, 
    5394952563, 
    5446246487, 
    5486760004, 
    5488136643, 
    5494616083, 
    5495992722, 
    5637546486, 
    5646778566, 
    5646807364, 
    5688668161, 
    5697699843, 
    5697728641, 
    5738414407, 
    5739790485, 
    5746270486, 
    5747646564, 
    5940322564, 
    5948178643, 
    5948207441, 
    5949383044, 
    5949554721, 
    5999300967, 
    6199861283, 
    6201036886, 
    6201237922, 
    6241722641, 
    6249578720, 
    6250983607, 
    6291468326, 
    6291669362, 
    6292844965, 
    6300701044, 
    6443659607, 
    6451515686, 
    6452891764, 
    6494753122, 
    6501261360, 
    6544498807, 
    6745030886, 
    6745059684, 
    6746406964, 
    6746435762, 
    6752915763, 
    6996713526, 
    6998090165, 
    7046430963, 
    7046459761, 
    7055691841, 
    7097753685, 
    7105438087, 
    7105609764, 
    7105638562, 
    7106814165, 
    7298285764, 
    7298314562, 
    7307346244, 
    7349207041, 
    7357292965, 
    7549968404, 
    7551144007, 
    7559000086, 
    7600890242, 
    7608746321, 
    7608946807, 
    7801622807, 
    7852544084, 
    7852745120, 
    7860400163, 
    7861776802, 
    7902462007, 
    7902490805, 
    7903838646, 
    7911522487, 
    8053076163, 
    8054452241, 
    8104198487, 
    8104398962, 
    8112054566, 
    8113430644, 
    8155320800, 
    8356053365, 
    8365085047, 
    8406974642, 
    8415031680, 
    8872722588, 
    8933967420, 
    9270462084, 
    9342945924, 
    9344549808, 
    10885957812, 
    10948806444, 
    11356176660, 
    11692671408, 
    11692901796, 
    13369411884, 
    13706137020, 
    15708359040, 
    15782215680, 
    17795450904, 
    18121162932, 
    19336859520, 
    19410716160, 
    19745833008, 
    19797673020, 
    20143802892, 
    20206651524, 
    21822147252, 
    22157033628, 
    24170268852, 
    24233117484, 
    24569842620, 
    25785534108, 
    25837604496, 
    26644548480, 
    28185726096, 
    28659156504, 
    28659386892, 
    30199187220, 
    30200565120, 
    30210195840, 
    30608165808, 
    30672617628, 
    30682022448, 
    31007508492, 
    31079992332, 
    31081596216, 
    32212422444, 
    32223431064, 
    32623004220, 
    32685852852, 
    33030144048, 
    33030374436, 
    33031752336, 
    33093223068, 
    34708488324, 
    35033974452, 
    35043609660, 
    35044983072, 
    35045213460, 
    35106458292, 
    35108062092, 
    36721723548, 
    37058448684, 
    37121297316, 
    37456183692, 
    37528667532, 
    39071679420, 
    39541902756, 
    41545728048, 
    43087136664, 
    43159620504, 
    43894080036, 
    43905093144, 
    43956928668, 
    43967941776, 
    45100371888, 
    45174228528, 
    45174458916, 
    45509345292, 
    45581598744, 
    45581829132, 
    45907315260, 
    45918323880, 
    45970163892, 
    45981172512, 
    47522580516, 
    47585429148, 
    47595064356, 
    47596437768, 
    47994407736, 
    49608295092, 
    49609903380, 
    50007868860, 
    50342759724, 
    50405608356, 
    51623134116, 
    51958024980, 
    52010090880, 
    52355990460, 
    53960477472, 
    53971255716, 
    54023326104, 
    55973708208, 
    56371447704, 
    56371678092, 
    56445534732, 
    56782029480, 
    56843504700, 
    56844878112, 
    56845108500, 
    56854513320, 
    58386286116, 
    58458769956, 
    58793656332, 
    58858343724, 
    60409152060, 
    60472000692, 
    60871574460, 
    62894214420, 
    63219696060, 
    63230709168, 
    63292179900, 
    64424609304, 
    64907445156, 
    66920680380, 
    67320253440, 
    71471739365, 
    74163696672, 
    74743567392, 
    74756398470, 
    87590451559, 
    93543214375, 
    109649096167, 
    154694876167, 
    155285729287, 
    158381384161, 
    174577178022, 
    193864939879, 
    196558740963, 
    206284272870, 
    213156387847, 
    225485808769, 
    229273252039, 
    229275095140, 
    241604520963, 
    241681566724, 
    245380941026, 
    248652769729, 
    257787448516, 
    260984033765, 
    261486822818, 
    264254018691, 
    264745784550, 
    277667906594, 
    280271795622, 
    280359864577, 
    280851666342, 
    293773788386, 
    332365824388, 
    344697093312, 
    345276964032, 
    351152640293, 
    351240745154, 
    351655429346, 
    360802975104, 
    361393828224, 
    364074762337, 
    364652789956, 
    364654633057, 
    367258522085, 
    367346591040, 
    367761311138, 
    380180644129, 
    380760514849, 
    380771502150, 
    396879227043, 
    400062950885, 
    412985072929, 
    415664199847, 
    431770045733, 
    450971581632, 
    454748037601, 
    454759024902, 
    454760868003, 
    470349250657, 
    470866749795, 
    486972595681, 
    503153715363, 
    505757568485, 
    505845673346, 
    506337439205, 
    515396874434, 
    519259561249, 
    535365443041, 
    538562027523, 
    571773914922, 
    598051187762, 
    1242285834300, 
    1267051073288, 
    1834200761120, 
    1932836167710, 
    1933452533796, 
    1989222157832, 
    2062299588132, 
    2087872270120, 
    2114032149530, 
    2221343252758, 
    2242174364976, 
    2350190307094, 
    2658926595108, 
    2757576746498, 
    2762215712256, 
    2809221122344, 
    2809925961234, 
    2886423800834, 
    2917222319648, 
    2917237064462, 
    2938068176680, 
    3046084118798, 
    3175033816346, 
    3200503607084, 
    3325313598782, 
    3454160365866, 
    3607772653058, 
    3638072199216, 
    3638086944030, 
    3766933998366, 
    3895780765450, 
    4025229722906, 
    4046060547886, 
    4050699513644, 
    4123174995478, 
    9938286674400, 
    14673606088965, 
    15462689341680, 
    16912257196245, 
    17770746022065, 
    21271412760870, 
    22479407689875, 
    25400270530770, 
    29104695552240, 
    32201837783250, 
    32368484383095, 
    32985399963825, 
    79506293395200, 
    123701514733440, 
    170171302086960, 
    203202164246160, 
    232837564417920, 
    257614702266000, 
    989612117867523, 
    1361370416695685, 
    1625617313969282
]
