[
    0, 
    1, 
    2, 
    3, 
    4, 
    5, 
    6, 
    8, 
    10, 
    12, 
    14, 
    16, 
    18, 
    20, 
    22, 
    24, 
    26, 
    28, 
    30, 
    32, 
    34, 
    36, 
    39, 
    48, 
    51, 
    60, 
    63, 
    72, 
    75, 
    84, 
    87, 
    96, 
    99, 
    108, 
    111, 
    120, 
    123, 
    132, 
    135, 
    144, 
    147, 
    156, 
    159, 
    168, 
    171, 
    180, 
    183, 
    192, 
    195, 
    204, 
    207, 
    216, 
    220, 
    236, 
    288, 
    292, 
    308, 
    360, 
    364, 
    380, 
    432, 
    436, 
    452, 
    504, 
    508, 
    524, 
    576, 
    580, 
    596, 
    648, 
    652, 
    668, 
    720, 
    724, 
    740, 
    792, 
    796, 
    812, 
    864, 
    868, 
    884, 
    936, 
    940, 
    956, 
    1008, 
    1012, 
    1028, 
    1080, 
    1084, 
    1100, 
    1152, 
    1156, 
    1172, 
    1224, 
    1228, 
    1244, 
    1300, 
    1320, 
    1325, 
    1420, 
    1730, 
    1755, 
    1850, 
    2160, 
    2165, 
    2185, 
    2280, 
    2285, 
    2595, 
    2620, 
    2715, 
    3025, 
    3050, 
    3145, 
    3460, 
    3480, 
    3485, 
    3580, 
    3890, 
    3915, 
    4010, 
    4320, 
    4325, 
    4345, 
    4440, 
    4445, 
    4755, 
    4780, 
    4875, 
    5185, 
    5210, 
    5305, 
    5620, 
    5640, 
    5645, 
    5740, 
    6050, 
    6075, 
    6170, 
    6480, 
    6485, 
    6505, 
    6600, 
    6605, 
    6915, 
    6940, 
    7035, 
    7345, 
    7370, 
    7465, 
    7800, 
    7920, 
    7950, 
    8520, 
    10380, 
    10530, 
    11100, 
    12960, 
    12990, 
    13110, 
    13680, 
    13710, 
    15570, 
    15720, 
    16290, 
    18150, 
    18300, 
    18870, 
    20760, 
    20880, 
    20910, 
    21480, 
    23340, 
    23490, 
    24060, 
    25920, 
    25950, 
    26070, 
    26640, 
    26670, 
    28530, 
    28680, 
    29250, 
    31110, 
    31260, 
    31830, 
    33720, 
    33840, 
    33870, 
    34440, 
    36300, 
    36450, 
    37020, 
    38880, 
    38910, 
    39030, 
    39600, 
    39630, 
    41490, 
    41640, 
    42210, 
    44070, 
    44220, 
    44790, 
    46802, 
    47523, 
    47705, 
    51121, 
    63182, 
    66605, 
    77763, 
    77945, 
    82082, 
    82264, 
    93422, 
    94325, 
    97741, 
    109802, 
    113225, 
    124565, 
    125461, 
    128884, 
    140042, 
    140945, 
    144361, 
    155701, 
    156422, 
    159845, 
    160020, 
    171185, 
    172081, 
    175504, 
    186662, 
    187565, 
    190981, 
    202321, 
    203042, 
    203224, 
    206640, 
    217805, 
    218701, 
    222124, 
    233282, 
    233464, 
    234185, 
    237601, 
    237783, 
    248941, 
    249844, 
    253260, 
    264425, 
    265321, 
    268744, 
    280816, 
    286232, 
    306728, 
    379096, 
    399632, 
    467672, 
    492496, 
    493584, 
    560536, 
    565952, 
    586448, 
    658816, 
    679352, 
    747392, 
    752768, 
    773304, 
    840256, 
    845672, 
    866168, 
    934208, 
    938536, 
    959072, 
    960120, 
    1027112, 
    1032488, 
    1053024, 
    1119976, 
    1125392, 
    1145888, 
    1213928, 
    1218256, 
    1219344, 
    1239840, 
    1306832, 
    1312208, 
    1332744, 
    1399696, 
    1400784, 
    1405112, 
    1425608, 
    1493648, 
    1499064, 
    1519560, 
    1586552, 
    1591928, 
    1612464, 
    1684899, 
    2274579, 
    2954979, 
    2961504, 
    3363219, 
    3952899, 
    4639824, 
    5041539, 
    5631219, 
    5760720, 
    6318144, 
    6719859, 
    7309539, 
    7316064, 
    7439040, 
    7996464, 
    8398179, 
    8404704, 
    8994384, 
    9117360, 
    9674784, 
    34564320, 
    44634240, 
    54704160, 
    328224963
]
