[
    0, 
    1, 
    2, 
    3, 
    4, 
    5, 
    6, 
    8, 
    10, 
    12, 
    14, 
    16, 
    18, 
    20, 
    22, 
    24, 
    26, 
    28, 
    30, 
    32, 
    34, 
    36, 
    38, 
    40, 
    42, 
    44, 
    46, 
    48, 
    57, 
    60, 
    72, 
    75, 
    84, 
    87, 
    90, 
    99, 
    102, 
    114, 
    117, 
    126, 
    129, 
    132, 
    141, 
    144, 
    156, 
    159, 
    168, 
    171, 
    174, 
    183, 
    186, 
    198, 
    201, 
    210, 
    213, 
    216, 
    225, 
    228, 
    240, 
    243, 
    252, 
    255, 
    258, 
    267, 
    270, 
    282, 
    285, 
    294, 
    297, 
    300, 
    309, 
    312, 
    324, 
    327, 
    336, 
    339, 
    342, 
    400, 
    404, 
    420, 
    424, 
    504, 
    508, 
    528, 
    588, 
    592, 
    612, 
    632, 
    636, 
    696, 
    716, 
    720, 
    800, 
    804, 
    820, 
    824, 
    884, 
    888, 
    904, 
    908, 
    924, 
    928, 
    988, 
    992, 
    1008, 
    1012, 
    1092, 
    1096, 
    1116, 
    1176, 
    1180, 
    1200, 
    1220, 
    1224, 
    1284, 
    1304, 
    1308, 
    1388, 
    1392, 
    1408, 
    1412, 
    1472, 
    1476, 
    1492, 
    1496, 
    1512, 
    1516, 
    1576, 
    1580, 
    1596, 
    1600, 
    1680, 
    1684, 
    1704, 
    1764, 
    1768, 
    1788, 
    1808, 
    1812, 
    1872, 
    1892, 
    1896, 
    1976, 
    1980, 
    1996, 
    2000, 
    2060, 
    2064, 
    2080, 
    2084, 
    2100, 
    2104, 
    2164, 
    2168, 
    2184, 
    2188, 
    2268, 
    2272, 
    2292, 
    2352, 
    2356, 
    2376, 
    2396, 
    2400, 
    2800, 
    2805, 
    2830, 
    2940, 
    2945, 
    2970, 
    3530, 
    3560, 
    3700, 
    4120, 
    4145, 
    4150, 
    4285, 
    4290, 
    4425, 
    4430, 
    4455, 
    4875, 
    5015, 
    5040, 
    5045, 
    5600, 
    5605, 
    5630, 
    5740, 
    5745, 
    5770, 
    6190, 
    6220, 
    6330, 
    6360, 
    6470, 
    6500, 
    6920, 
    6945, 
    6950, 
    7060, 
    7085, 
    7090, 
    7645, 
    7650, 
    7675, 
    7815, 
    8235, 
    8260, 
    8265, 
    8400, 
    8405, 
    8540, 
    8545, 
    8570, 
    8990, 
    9130, 
    9160, 
    9720, 
    9745, 
    9750, 
    9860, 
    9885, 
    9890, 
    10305, 
    10310, 
    10335, 
    10445, 
    10450, 
    10475, 
    10585, 
    10590, 
    10615, 
    11035, 
    11060, 
    11065, 
    11175, 
    11200, 
    11205, 
    11760, 
    11765, 
    11790, 
    11930, 
    12350, 
    12380, 
    12520, 
    12660, 
    12685, 
    12690, 
    13105, 
    13110, 
    13245, 
    13250, 
    13275, 
    13835, 
    13860, 
    13865, 
    13975, 
    14000, 
    14005, 
    14420, 
    14425, 
    14450, 
    14560, 
    14565, 
    14590, 
    14700, 
    14705, 
    14730, 
    15150, 
    15180, 
    15290, 
    15320, 
    15880, 
    15905, 
    15910, 
    16045, 
    16050, 
    16465, 
    16470, 
    16495, 
    16635, 
    16775, 
    16800, 
    16805, 
    19602, 
    19638, 
    19812, 
    20580, 
    20586, 
    20616, 
    20790, 
    20796, 
    24714, 
    24924, 
    25902, 
    28842, 
    29016, 
    29052, 
    30000, 
    30030, 
    30036, 
    30978, 
    31014, 
    31188, 
    34128, 
    35106, 
    35280, 
    35286, 
    35316, 
    39204, 
    39240, 
    39414, 
    40182, 
    40218, 
    40392, 
    43332, 
    43542, 
    44310, 
    44316, 
    44520, 
    44526, 
    45294, 
    45504, 
    48444, 
    48618, 
    48654, 
    49422, 
    49596, 
    49632, 
    53520, 
    53550, 
    53556, 
    53730, 
    54708, 
    57648, 
    57822, 
    57858, 
    58800, 
    58806, 
    58836, 
    59784, 
    59820, 
    59994, 
    62934, 
    63912, 
    64122, 
    68040, 
    68046, 
    68220, 
    68250, 
    68256, 
    69024, 
    69198, 
    69234, 
    72138, 
    72174, 
    72348, 
    73116, 
    73152, 
    73326, 
    74100, 
    74130, 
    74136, 
    74310, 
    77250, 
    77424, 
    77460, 
    78228, 
    78402, 
    78438, 
    82320, 
    82326, 
    82356, 
    82530, 
    82536, 
    83514, 
    86454, 
    86664, 
    87642, 
    88620, 
    88626, 
    88800, 
    88830, 
    88836, 
    91740, 
    91770, 
    91776, 
    92718, 
    92754, 
    92928, 
    96846, 
    97020, 
    97026, 
    97056, 
    97830, 
    98004, 
    98040, 
    100944, 
    100980, 
    101154, 
    101922, 
    101958, 
    102132, 
    102900, 
    102906, 
    102936, 
    103110, 
    103116, 
    106050, 
    106056, 
    106260, 
    106266, 
    107034, 
    107244, 
    111162, 
    111336, 
    111372, 
    112320, 
    112350, 
    112356, 
    115260, 
    115290, 
    115296, 
    115470, 
    116448, 
    117426, 
    117600, 
    117606, 
    117636, 
    137214, 
    137466, 
    138684, 
    144060, 
    144102, 
    144312, 
    145530, 
    145572, 
    172998, 
    174468, 
    181314, 
    201894, 
    203112, 
    203364, 
    210000, 
    210210, 
    210252, 
    216846, 
    217098, 
    218316, 
    238896, 
    245742, 
    246960, 
    247002, 
    247212, 
    274428, 
    274680, 
    275898, 
    281274, 
    281526, 
    282744, 
    303324, 
    304794, 
    310170, 
    310212, 
    311640, 
    311682, 
    317058, 
    318528, 
    339108, 
    340326, 
    340578, 
    345954, 
    347172, 
    347424, 
    374640, 
    374850, 
    374892, 
    376110, 
    382956, 
    403536, 
    404754, 
    405006, 
    411600, 
    411642, 
    411852, 
    418488, 
    418740, 
    419958, 
    440538, 
    447384, 
    448854, 
    476280, 
    476322, 
    477540, 
    477750, 
    477792, 
    483168, 
    484386, 
    484638, 
    504966, 
    505218, 
    506436, 
    511812, 
    512064, 
    513282, 
    518700, 
    518910, 
    518952, 
    520170, 
    540750, 
    541968, 
    542220, 
    547596, 
    548814, 
    549066, 
    576240, 
    576282, 
    576492, 
    577710, 
    577752, 
    584598, 
    605178, 
    606648, 
    613494, 
    620340, 
    620382, 
    621600, 
    621810, 
    621852, 
    642180, 
    642390, 
    642432, 
    649026, 
    649278, 
    650496, 
    677922, 
    679140, 
    679182, 
    679392, 
    684810, 
    686028, 
    686280, 
    706608, 
    706860, 
    708078, 
    713454, 
    713706, 
    714924, 
    720300, 
    720342, 
    720552, 
    721770, 
    721812, 
    742350, 
    742392, 
    743820, 
    743862, 
    749238, 
    750708, 
    778134, 
    779352, 
    779604, 
    786240, 
    786450, 
    786492, 
    806820, 
    807030, 
    807072, 
    808290, 
    815136, 
    821982, 
    823200, 
    823242, 
    823452, 
    960504, 
    962264, 
    970792, 
    1008424, 
    1008720, 
    1010184, 
    1018712, 
    1019008, 
    1210992, 
    1221280, 
    1269200, 
    1413264, 
    1421784, 
    1423552, 
    1470000, 
    1471472, 
    1471768, 
    1517928, 
    1519688, 
    1528216, 
    1672272, 
    1720200, 
    1728720, 
    1729016, 
    1730488, 
    1921000, 
    1922760, 
    1931288, 
    1968920, 
    1970688, 
    1979208, 
    2123272, 
    2133560, 
    2171192, 
    2171488, 
    2181480, 
    2181776, 
    2219408, 
    2229696, 
    2373760, 
    2382288, 
    2384048, 
    2421680, 
    2430208, 
    2431968, 
    2622480, 
    2623952, 
    2624248, 
    2632776, 
    2680696, 
    2824752, 
    2833280, 
    2835048, 
    2881200, 
    2881496, 
    2882968, 
    2929416, 
    2931184, 
    2939712, 
    3083768, 
    3131688, 
    3141984, 
    3333960, 
    3334256, 
    3342784, 
    3344256, 
    3344544, 
    3382176, 
    3390704, 
    3392472, 
    3534768, 
    3536528, 
    3545056, 
    3582688, 
    3584448, 
    3592976, 
    3630904, 
    3632376, 
    3632664, 
    3641192, 
    3785256, 
    3793776, 
    3795544, 
    3833176, 
    3841704, 
    3843464, 
    4033680, 
    4033976, 
    4035448, 
    4043976, 
    4044264, 
    4092192, 
    4236248, 
    4246536, 
    4294464, 
    4342384, 
    4342680, 
    4351200, 
    4352672, 
    4352968, 
    4495264, 
    4496736, 
    4497024, 
    4543184, 
    4544952, 
    4553472, 
    4745456, 
    4753984, 
    4754280, 
    4755744, 
    4793672, 
    4802200, 
    4803960, 
    4946256, 
    4948024, 
    4956552, 
    4994184, 
    4995944, 
    5004472, 
    5042104, 
    5042400, 
    5043864, 
    5052392, 
    5052688, 
    5196456, 
    5196744, 
    5206744, 
    5207040, 
    5244672, 
    5254960, 
    5446944, 
    5455464, 
    5457232, 
    5503680, 
    5505152, 
    5505448, 
    5647744, 
    5649216, 
    5649504, 
    5658032, 
    5705952, 
    5753880, 
    5762400, 
    5762696, 
    5764168, 
    6723531, 
    6735852, 
    6795549, 
    7058970, 
    7061040, 
    7071291, 
    7130988, 
    7133058, 
    8476947, 
    8548965, 
    8884404, 
    9892854, 
    9952488, 
    10290006, 
    10302381, 
    10625499, 
    10637820, 
    10697517, 
    11705904, 
    12041406, 
    12101040, 
    13459320, 
    13519017, 
    13794822, 
    13854456, 
    14862906, 
    14934924, 
    15198345, 
    15270363, 
    15272433, 
    15607872, 
    16616322, 
    16676019, 
    16688340, 
    16951761, 
    17011458, 
    17023779, 
    18357363, 
    18367668, 
    18369738, 
    18429435, 
    18764874, 
    19773270, 
    19845342, 
    20168406, 
    20170476, 
    20180781, 
    20505915, 
    20518290, 
    20577987, 
    21921822, 
    21993894, 
    23337720, 
    23409792, 
    23411808, 
    23675238, 
    23747310, 
    24743376, 
    24755697, 
    24815394, 
    25091136, 
    25150833, 
    25416333, 
    25426638, 
    25428654, 
    26496792, 
    26556435, 
    26568810, 
    26891928, 
    26904249, 
    28235763, 
    28237833, 
    28248138, 
    28307835, 
    28309851, 
    28645344, 
    29653740, 
    29725758, 
    30061251, 
    30396690, 
    30398760, 
    30458403, 
    30468708, 
    30470778, 
    31466853, 
    31477158, 
    31479174, 
    31802292, 
    31814667, 
    31874310, 
    33279966, 
    33290208, 
    33555708, 
    33615405, 
    33627726, 
    34623792, 
    34695864, 
    34959294, 
    35294733, 
    35296803, 
    35307054, 
    35368821, 
    36375192, 
    36377208, 
    36447210, 
    36449280, 
    36712710, 
    38128608, 
    38188251, 
    38200626, 
    38525760, 
    38536065, 
    39534210, 
    39544515, 
    39546531, 
    39606228, 
    39941667, 
    40277160, 
    40336803, 
    40338873, 
    40349178, 
    47064720, 
    47150970, 
    49412790, 
    49427280, 
    49499040, 
    49916920, 
    49931410, 
    59338630, 
    59842760, 
    62190830, 
    69249980, 
    69667420, 
    72116670, 
    74464740, 
    74882620, 
    81941330, 
    84707280, 
    94215240, 
    94633120, 
    96563760, 
    104544470, 
    106388420, 
    109255110, 
    116314260, 
    116818380, 
    118662330, 
    119080210, 
    128573680, 
    128588170, 
    129006050, 
    131354120, 
    138412890, 
    138917400, 
    141265470, 
    143541410, 
    143628030, 
    144045910, 
    153452760, 
    153957260, 
    163364040, 
    163868550, 
    163882660, 
    165726670, 
    166231170, 
    173289880, 
    173707760, 
    177986470, 
    178000580, 
    185477550, 
    185895050, 
    185981670, 
    188243500, 
    197736970, 
    198154850, 
    198168960, 
    200517410, 
    207576180, 
    208080310, 
    210428760, 
    212776830, 
    212791320, 
    213280960, 
    213295450, 
    220340110, 
    220354220, 
    222616050, 
    222702670, 
    223120170, 
    233031460, 
    234889960, 
    235307840, 
    242366550, 
    242871050, 
    244715060, 
    247149380, 
    247581750, 
    254626350, 
    254640460, 
    255130470, 
    255144960, 
    256988970, 
    266900260, 
    267317760, 
    269680320, 
    269752460, 
    276739470, 
    276811610, 
    276825720, 
    277243600, 
    279591670, 
    281940120, 
    282444250, 
    330056793, 
    345889533, 
    345990964, 
    349418443, 
    349519874, 
    435335813, 
    487671943, 
    521253183, 
    573589313, 
    592950963, 
    659506683, 
    675946326, 
    744718942, 
    814199826, 
    830636312, 
    833561476, 
    900015765, 
    900117196, 
    919478846, 
    968890230, 
    972421802, 
    1004789874, 
    1005396216, 
    1077700822, 
    1143548285, 
    1147178626, 
    1163618192, 
    1215954322, 
    1301265350, 
    1301871692, 
    1387083951, 
    1387182720, 
    1453033263, 
    1456562173, 
    1473001321, 
    1542380774, 
    1542479543, 
    1558918691, 
    1561841193, 
    1647154883, 
    1700097355, 
    1713005426, 
    1733072253, 
    1782384450, 
    1785913294, 
    1786014725, 
    1798922796, 
    1868301820, 
    1871224322, 
    1937176296, 
    1937681273, 
    1937780042, 
    1940705206, 
    1957141692, 
    1973580840, 
    1977109750, 
    3047350692, 
    3648772284, 
    4015125192, 
    4150656744, 
    4616546784, 
    4731624288, 
    5213032596, 
    5699398788, 
    5814454188, 
    6782231616, 
    7033529124, 
    7037773512, 
    7543905756, 
    8004837996, 
    8030250384, 
    8145327348, 
    8511680256, 
    9113101848, 
    9709587660, 
    9710279040, 
    10171232844, 
    10195935216, 
    10311009252, 
    12476691156, 
    12501393060, 
    12502103076, 
    12592459572, 
    13560234072, 
    13563768912, 
    13584936444, 
    13699991844, 
    13815065880, 
    13839768252, 
    21331454846, 
    25541405994, 
    28105876344, 
    29054597208, 
    32315827492, 
    33121370022, 
    36491228176, 
    39895791520, 
    49234703869, 
    49264414589, 
    56211752688, 
    59581761798, 
    67971953283, 
    72177064765, 
    87336838095, 
    87509751420, 
    94946382388, 
    95094555114, 
    96705461164, 
    96878377765, 
    149320183922, 
    178789841958, 
    196741134408, 
    203382180456, 
    226210792444, 
    231849590154, 
    255438597232, 
    279270540640, 
    393482268816, 
    417072332586, 
    612568259940, 
    664624676716, 
    665661885798, 
    676938228148, 
    1045241287455, 
    1423675263195, 
    1583475547110, 
    1954893784485, 
    2754375881715, 
    2919506328105, 
    4287977819580, 
    9965726842368, 
    11084328829776, 
    20436544296736, 
    77590301808432, 
    543132112659030
]
